D_ref;D_1;D_2;D_3;D_4;D_5;D_6;D_7;D_8;D_9
-45;-51;-61;-68;-43;-61;-54;-62;-66;-37
-43;-50;-59;-66;-42;-59;-52;-60;-64;-36
-42;-49;-57;-65;-40;-57;-51;-58;-63;-34
-41;-49;-55;-63;-38;-56;-49;-56;-62;-32
-40;-48;-54;-62;-36;-54;-47;-54;-60;-31
-38;-47;-52;-60;-34;-52;-46;-52;-59;-29
-37;-47;-50;-59;-33;-51;-44;-50;-58;-28
-36;-46;-48;-57;-31;-49;-43;-48;-57;-26
-35;-46;-47;-56;-30;-47;-41;-47;-56;-25
-34;-46;-45;-55;-28;-46;-40;-45;-54;-23
-33;-45;-43;-54;-26;-44;-38;-43;-53;-22
-32;-45;-42;-52;-25;-43;-37;-41;-52;-21
-31;-45;-40;-51;-24;-42;-36;-40;-51;-19
-30;-44;-39;-50;-22;-40;-34;-38;-50;-18
-29;-44;-37;-49;-21;-39;-33;-36;-49;-17
-29;-44;-36;-48;-19;-37;-32;-35;-48;-16
-28;-44;-34;-46;-18;-36;-31;-33;-47;-15
-27;-44;-33;-45;-17;-35;-29;-32;-46;-13
-27;-44;-32;-44;-16;-34;-28;-30;-46;-12
-26;-44;-30;-43;-14;-32;-27;-29;-45;-11
-25;-44;-29;-42;-13;-31;-26;-27;-44;-10
-25;-44;-28;-41;-12;-30;-25;-26;-43;-9
-24;-44;-27;-40;-11;-29;-24;-24;-42;-8
-24;-44;-25;-39;-10;-28;-23;-23;-42;-7
-23;-44;-24;-38;-9;-26;-22;-22;-41;-7
-23;-44;-23;-38;-8;-25;-21;-20;-40;-6
-23;-44;-22;-37;-7;-24;-20;-19;-39;-5
-22;-44;-21;-36;-6;-23;-19;-18;-39;-4
-22;-44;-20;-35;-5;-22;-18;-17;-38;-3
-22;-45;-19;-34;-4;-21;-18;-16;-38;-3
-21;-45;-18;-34;-3;-20;-17;-14;-37;-2
-21;-45;-17;-33;-3;-20;-16;-13;-36;-1
-21;-45;-16;-32;-2;-19;-15;-12;-36;-1
-21;-46;-15;-31;-1;-18;-15;-11;-35;0
-21;-46;-14;-31;0;-17;-14;-10;-35;0
-21;-46;-13;-30;0;-16;-13;-9;-34;1
-21;-46;-13;-29;1;-15;-13;-8;-34;1
-20;-47;-12;-29;2;-15;-12;-7;-33;2
-20;-47;-11;-28;2;-14;-12;-6;-33;2
-20;-47;-10;-28;3;-13;-11;-5;-33;3
-20;-48;-10;-27;3;-12;-11;-4;-32;3
-20;-48;-9;-27;4;-12;-10;-4;-32;4
-21;-49;-8;-26;4;-11;-10;-3;-31;4
-21;-49;-8;-26;4;-10;-9;-2;-31;4
-21;-49;-7;-25;5;-10;-9;-1;-31;4
-21;-50;-7;-25;5;-9;-9;0;-31;5
-21;-50;-6;-24;5;-9;-8;0;-30;5
-21;-51;-6;-24;6;-8;-8;1;-30;5
-21;-51;-5;-23;6;-8;-8;2;-30;5
-21;-52;-5;-23;6;-7;-7;2;-30;5
-22;-52;-4;-23;6;-7;-7;3;-29;6
-22;-53;-4;-22;6;-6;-7;3;-29;6
-22;-53;-4;-22;7;-6;-7;4;-29;6
-22;-53;-3;-22;7;-6;-7;5;-29;6
-23;-54;-3;-22;7;-5;-6;5;-29;6
-23;-54;-3;-21;7;-5;-6;5;-28;6
-23;-55;-2;-21;7;-5;-6;6;-28;6
-23;-55;-2;-21;7;-4;-6;6;-28;6
-24;-56;-2;-21;7;-4;-6;7;-28;6
-24;-56;-2;-20;7;-4;-6;7;-28;5
-24;-57;-2;-20;6;-3;-6;7;-28;5
-25;-57;-2;-20;6;-3;-6;8;-28;5
-25;-58;-1;-20;6;-3;-6;8;-28;5
-25;-58;-1;-20;6;-3;-6;8;-28;5
-26;-58;-1;-20;6;-3;-6;9;-28;5
-26;-59;-1;-20;5;-3;-6;9;-28;4
-26;-59;-1;-19;5;-2;-6;9;-28;4
-27;-60;-1;-19;5;-2;-6;9;-28;4
-27;-60;-1;-19;4;-2;-7;9;-28;4
-28;-61;-1;-19;4;-2;-7;9;-28;3
-28;-61;-1;-19;4;-2;-7;9;-28;3
-28;-61;-2;-19;3;-2;-7;9;-28;3
-29;-62;-2;-19;3;-2;-7;9;-28;2
-29;-62;-2;-19;2;-2;-8;9;-28;2
-29;-62;-2;-19;2;-2;-8;9;-28;1
-30;-63;-2;-19;1;-2;-8;9;-28;1
-30;-63;-2;-19;1;-2;-8;9;-28;1
-31;-63;-3;-19;0;-3;-9;9;-28;0
-31;-64;-3;-20;0;-3;-9;9;-29;0
-31;-64;-3;-20;-1;-3;-9;9;-29;-1
-32;-64;-3;-20;-2;-3;-10;9;-29;-1
-32;-65;-4;-20;-2;-3;-10;9;-29;-2
-32;-65;-4;-20;-3;-3;-10;8;-29;-2
-33;-65;-4;-20;-4;-4;-11;8;-29;-3
-33;-65;-5;-20;-4;-4;-11;8;-29;-4
-34;-66;-5;-20;-5;-4;-12;8;-30;-4
-34;-66;-5;-21;-6;-4;-12;7;-30;-5
-34;-66;-6;-21;-7;-5;-13;7;-30;-5
-35;-66;-6;-21;-8;-5;-13;7;-30;-6
-35;-66;-7;-21;-9;-5;-13;6;-30;-7
-35;-67;-7;-21;-9;-6;-14;6;-31;-7
-36;-67;-8;-22;-10;-6;-15;6;-31;-8
-36;-67;-8;-22;-11;-6;-15;5;-31;-9
-36;-67;-9;-22;-12;-7;-16;5;-31;-9
-37;-67;-9;-22;-13;-7;-16;4;-32;-10
-37;-67;-10;-22;-14;-8;-17;4;-32;-11
-37;-67;-10;-23;-15;-8;-17;3;-32;-11
-37;-67;-11;-23;-16;-8;-18;3;-32;-12
-38;-67;-11;-23;-17;-9;-18;2;-33;-13
-38;-67;-12;-24;-18;-9;-19;1;-33;-14
-38;-67;-12;-24;-19;-10;-20;1;-33;-14
-38;-67;-13;-24;-20;-10;-20;0;-33;-15
-39;-67;-14;-24;-21;-11;-21;0;-34;-16
-39;-67;-14;-25;-22;-12;-22;-1;-34;-17
-39;-67;-15;-25;-24;-12;-22;-2;-34;-18
-39;-67;-16;-25;-25;-13;-23;-2;-35;-18
-40;-67;-16;-26;-26;-13;-24;-3;-35;-19
-40;-67;-17;-26;-27;-14;-24;-4;-35;-20
-40;-67;-18;-26;-28;-15;-25;-5;-36;-21
-40;-66;-18;-27;-29;-15;-26;-5;-36;-22
-40;-66;-19;-27;-30;-16;-26;-6;-36;-23
-40;-66;-20;-28;-32;-16;-27;-7;-37;-24
-41;-66;-20;-28;-33;-17;-28;-8;-37;-24
-41;-66;-21;-28;-34;-18;-28;-8;-37;-25
-41;-65;-22;-29;-35;-19;-29;-9;-38;-26
-41;-65;-22;-29;-37;-19;-30;-10;-38;-27
-41;-65;-23;-29;-38;-20;-31;-11;-38;-28
-41;-65;-24;-30;-39;-21;-31;-12;-39;-29
-41;-64;-25;-30;-40;-22;-32;-13;-39;-30
-41;-64;-25;-31;-42;-22;-33;-14;-39;-31
-41;-64;-26;-31;-43;-23;-34;-15;-40;-32
-42;-63;-27;-31;-44;-24;-34;-16;-40;-33
-42;-63;-28;-32;-46;-25;-35;-16;-40;-34
-42;-63;-29;-32;-47;-25;-36;-17;-41;-35
-42;-62;-29;-33;-48;-26;-37;-18;-41;-35
-42;-62;-30;-33;-49;-27;-38;-19;-42;-36
-42;-61;-31;-33;-51;-28;-38;-20;-42;-37
-42;-61;-32;-34;-52;-29;-39;-21;-42;-38
-42;-60;-32;-34;-53;-30;-40;-22;-43;-39
-42;-60;-33;-35;-55;-31;-41;-23;-43;-40
-42;-60;-34;-35;-56;-31;-42;-24;-43;-41
-42;-59;-35;-35;-57;-32;-42;-25;-44;-42
-42;-59;-36;-36;-59;-33;-43;-26;-44;-43
-42;-58;-36;-36;-60;-34;-44;-28;-45;-44
-42;-58;-37;-37;-61;-35;-45;-29;-45;-45
-41;-57;-38;-37;-63;-36;-46;-30;-45;-46
-41;-57;-39;-37;-64;-37;-46;-31;-46;-47
-41;-56;-40;-38;-65;-38;-47;-32;-46;-48
-41;-55;-40;-38;-67;-39;-48;-33;-47;-49
-41;-55;-41;-39;-68;-40;-49;-34;-47;-50
-41;-54;-42;-39;-69;-41;-50;-35;-47;-51
-41;-54;-43;-39;-70;-42;-50;-36;-48;-52
-41;-53;-44;-40;-72;-43;-51;-37;-48;-53
-41;-53;-44;-40;-73;-44;-52;-38;-49;-54
-41;-52;-45;-41;-74;-45;-53;-40;-49;-55
-41;-51;-46;-41;-75;-46;-54;-41;-49;-56
-41;-51;-47;-41;-77;-47;-55;-42;-50;-57
-40;-50;-47;-42;-78;-48;-55;-43;-50;-58
-40;-50;-48;-42;-79;-49;-56;-44;-51;-59
-40;-49;-49;-43;-80;-50;-57;-45;-51;-59
-40;-48;-50;-43;-82;-51;-58;-46;-51;-60
-40;-48;-50;-43;-83;-52;-59;-47;-52;-61
-40;-47;-51;-44;-84;-53;-59;-49;-52;-62
-40;-46;-52;-44;-85;-54;-60;-50;-53;-63
-40;-46;-53;-45;-86;-55;-61;-51;-53;-64
-40;-45;-53;-45;-88;-56;-62;-52;-54;-65
-40;-45;-54;-45;-89;-57;-63;-53;-54;-66
-39;-44;-55;-46;-90;-58;-63;-54;-54;-67
-39;-43;-55;-46;-91;-59;-64;-55;-55;-68
-39;-43;-56;-46;-92;-60;-65;-56;-55;-69
-39;-42;-57;-47;-93;-61;-66;-58;-56;-70
-39;-41;-58;-47;-94;-62;-66;-59;-56;-71
-39;-41;-58;-47;-95;-63;-67;-60;-56;-72
-39;-40;-59;-48;-96;-64;-68;-61;-57;-72
-39;-40;-60;-48;-97;-65;-69;-62;-57;-73
-39;-39;-60;-48;-98;-66;-69;-63;-58;-74
-39;-38;-61;-49;-99;-67;-70;-64;-58;-75
-39;-38;-62;-49;-100;-68;-71;-65;-58;-76
-38;-37;-62;-49;-101;-69;-72;-66;-59;-77
-38;-37;-63;-50;-102;-70;-72;-67;-59;-78
-38;-36;-63;-50;-103;-71;-73;-69;-60;-79
-38;-35;-64;-50;-104;-72;-74;-70;-60;-79
-38;-35;-65;-51;-105;-73;-75;-71;-60;-80
-38;-34;-65;-51;-105;-74;-75;-72;-61;-81
-38;-34;-66;-51;-106;-75;-76;-73;-61;-82
-38;-33;-66;-51;-107;-76;-77;-74;-61;-83
-38;-33;-67;-52;-108;-77;-77;-75;-62;-84
-38;-32;-68;-52;-109;-78;-78;-76;-62;-84
-38;-32;-68;-52;-109;-79;-79;-77;-63;-85
-38;-31;-69;-53;-110;-80;-80;-78;-63;-86
-38;-31;-69;-53;-111;-81;-80;-79;-63;-87
-39;-30;-70;-53;-111;-82;-81;-80;-64;-87
-39;-30;-70;-53;-112;-83;-82;-81;-64;-88
-39;-30;-71;-54;-112;-83;-82;-82;-65;-89
-39;-29;-71;-54;-113;-84;-83;-83;-65;-90
-39;-29;-72;-54;-114;-85;-84;-84;-65;-90
-39;-28;-72;-54;-114;-86;-84;-85;-66;-91
-39;-28;-73;-55;-115;-87;-85;-85;-66;-92
-39;-28;-73;-55;-115;-88;-85;-86;-66;-93
-40;-27;-74;-55;-115;-89;-86;-87;-67;-93
-40;-27;-74;-55;-116;-90;-87;-88;-67;-94
-40;-27;-75;-55;-116;-91;-87;-89;-67;-95
-40;-27;-75;-56;-117;-92;-88;-90;-68;-95
-41;-26;-75;-56;-117;-92;-89;-91;-68;-96
-41;-26;-76;-56;-117;-93;-89;-92;-69;-97
-41;-26;-76;-56;-117;-94;-90;-92;-69;-97
-41;-26;-77;-56;-118;-95;-90;-93;-69;-98
-42;-26;-77;-57;-118;-96;-91;-94;-70;-98
-42;-25;-77;-57;-118;-96;-91;-95;-70;-99
-42;-25;-78;-57;-118;-97;-92;-95;-70;-100
-43;-25;-78;-57;-118;-98;-93;-96;-71;-100
-43;-25;-79;-57;-118;-99;-93;-97;-71;-101
-44;-25;-79;-58;-119;-99;-94;-98;-71;-101
-44;-25;-79;-58;-119;-100;-94;-98;-72;-102
-45;-25;-80;-58;-119;-101;-95;-99;-72;-102
-45;-25;-80;-58;-119;-102;-95;-100;-72;-103
-45;-25;-80;-58;-119;-102;-96;-100;-73;-103
-46;-25;-81;-58;-118;-103;-96;-101;-73;-104
-47;-25;-81;-59;-118;-104;-97;-102;-73;-104
-47;-26;-81;-59;-118;-104;-97;-102;-74;-105
-48;-26;-82;-59;-118;-105;-98;-103;-74;-105
-48;-26;-82;-59;-118;-106;-98;-103;-74;-106
-49;-26;-82;-59;-118;-106;-99;-104;-74;-106
-50;-26;-83;-59;-117;-107;-99;-105;-75;-107
-50;-27;-83;-60;-117;-107;-100;-105;-75;-107
-51;-27;-83;-60;-117;-108;-100;-106;-75;-108
-52;-27;-84;-60;-117;-108;-101;-106;-76;-108
-52;-28;-84;-60;-116;-109;-101;-107;-76;-108
-53;-28;-84;-60;-116;-109;-101;-107;-76;-109
-54;-28;-84;-60;-115;-110;-102;-108;-77;-109
-55;-29;-85;-61;-115;-110;-102;-108;-77;-109
-56;-29;-85;-61;-115;-111;-103;-108;-77;-110
-57;-30;-85;-61;-114;-111;-103;-109;-77;-110
-57;-30;-86;-61;-114;-112;-104;-109;-78;-110
-58;-31;-86;-61;-113;-112;-104;-110;-78;-111
-59;-31;-86;-61;-112;-112;-104;-110;-78;-111
-60;-32;-86;-62;-112;-113;-105;-110;-78;-111
-61;-33;-87;-62;-111;-113;-105;-111;-79;-112
-62;-33;-87;-62;-111;-113;-106;-111;-79;-112
-63;-34;-87;-62;-110;-114;-106;-111;-79;-112
-64;-35;-87;-62;-109;-114;-106;-112;-80;-112
-65;-35;-88;-63;-109;-114;-107;-112;-80;-113
-66;-36;-88;-63;-108;-115;-107;-112;-80;-113
-67;-37;-88;-63;-107;-115;-107;-112;-80;-113
-68;-38;-88;-63;-106;-115;-108;-113;-81;-113
-70;-39;-89;-63;-106;-115;-108;-113;-81;-113
-71;-40;-89;-64;-105;-116;-108;-113;-81;-113
-72;-40;-89;-64;-104;-116;-109;-113;-81;-114
-73;-41;-90;-64;-103;-116;-109;-113;-81;-114
-74;-42;-90;-64;-102;-116;-109;-114;-82;-114
-76;-43;-90;-65;-101;-116;-110;-114;-82;-114
-77;-44;-90;-65;-100;-116;-110;-114;-82;-114
-78;-45;-91;-65;-100;-116;-110;-114;-82;-114
-79;-46;-91;-65;-99;-116;-111;-114;-83;-114
-81;-48;-91;-66;-98;-116;-111;-114;-83;-114
-82;-49;-91;-66;-97;-116;-111;-114;-83;-114
-83;-50;-92;-66;-96;-116;-111;-114;-83;-114
-85;-51;-92;-67;-95;-116;-112;-115;-84;-114
-86;-52;-92;-67;-94;-116;-112;-115;-84;-114
-88;-53;-93;-67;-93;-116;-112;-115;-84;-114
-89;-55;-93;-68;-92;-116;-112;-115;-84;-114
-90;-56;-93;-68;-91;-116;-113;-115;-84;-114
-92;-57;-94;-68;-90;-116;-113;-115;-85;-114
-93;-59;-94;-69;-88;-116;-113;-115;-85;-114
-95;-60;-94;-69;-87;-116;-113;-115;-85;-114
-96;-61;-95;-69;-86;-116;-114;-115;-85;-114
-98;-63;-95;-70;-85;-116;-114;-115;-85;-114
-99;-64;-95;-70;-84;-115;-114;-115;-86;-114
-101;-66;-96;-71;-83;-115;-114;-115;-86;-114
-102;-67;-96;-71;-82;-115;-114;-115;-86;-114
-104;-69;-96;-71;-81;-115;-115;-115;-86;-114
-105;-70;-97;-72;-80;-114;-115;-114;-86;-114
-107;-72;-97;-72;-79;-114;-115;-114;-87;-114
-108;-73;-98;-73;-77;-114;-115;-114;-87;-114
-110;-75;-98;-73;-76;-114;-115;-114;-87;-113
-112;-76;-98;-74;-75;-113;-116;-114;-87;-113
-113;-78;-99;-74;-74;-113;-116;-114;-87;-113
-115;-79;-99;-75;-73;-113;-116;-114;-88;-113
-116;-81;-100;-75;-72;-112;-116;-114;-88;-113
-118;-83;-100;-76;-71;-112;-116;-114;-88;-112
-120;-84;-100;-77;-69;-111;-116;-114;-88;-112
-121;-86;-101;-77;-68;-111;-116;-113;-88;-112
-123;-88;-101;-78;-67;-111;-116;-113;-89;-112
-124;-89;-102;-78;-66;-110;-117;-113;-89;-112
-126;-91;-102;-79;-65;-110;-117;-113;-89;-111
-128;-93;-103;-80;-64;-109;-117;-113;-89;-111
-129;-94;-103;-80;-63;-109;-117;-113;-89;-111
-131;-96;-104;-81;-62;-108;-117;-113;-89;-111
-132;-98;-104;-81;-61;-108;-117;-113;-90;-110
-134;-100;-105;-82;-60;-107;-117;-112;-90;-110
-136;-101;-105;-83;-59;-107;-117;-112;-90;-110
-137;-103;-106;-84;-57;-106;-117;-112;-90;-109
-139;-105;-106;-84;-56;-106;-117;-112;-90;-109
-140;-107;-107;-85;-55;-105;-117;-112;-91;-109
-142;-108;-107;-86;-54;-104;-117;-112;-91;-109
-144;-110;-108;-87;-53;-104;-117;-112;-91;-108
-145;-112;-108;-87;-52;-103;-117;-111;-91;-108
-147;-114;-109;-88;-51;-103;-118;-111;-91;-108
-148;-116;-110;-89;-50;-102;-118;-111;-91;-107
-150;-117;-110;-90;-50;-101;-118;-111;-92;-107
-151;-119;-111;-91;-49;-101;-118;-111;-92;-107
-153;-121;-111;-92;-48;-100;-117;-111;-92;-106
-154;-123;-112;-92;-47;-100;-117;-111;-92;-106
-156;-124;-113;-93;-46;-99;-117;-111;-92;-105
-157;-126;-113;-94;-45;-98;-117;-110;-93;-105
-159;-128;-114;-95;-44;-98;-117;-110;-93;-105
-160;-130;-115;-96;-44;-97;-117;-110;-93;-104
-161;-132;-115;-97;-43;-96;-117;-110;-93;-104
-163;-133;-116;-98;-42;-95;-117;-110;-93;-103
-164;-135;-117;-99;-41;-95;-117;-110;-94;-103
-165;-137;-117;-100;-41;-94;-117;-110;-94;-103
-167;-138;-118;-101;-40;-93;-117;-110;-94;-102
-168;-140;-119;-102;-39;-93;-117;-110;-94;-102
-169;-142;-119;-103;-39;-92;-117;-109;-94;-101
-171;-144;-120;-104;-38;-91;-117;-109;-95;-101
-172;-145;-121;-105;-38;-91;-116;-109;-95;-100
-173;-147;-121;-106;-37;-90;-116;-109;-95;-100
-174;-149;-122;-107;-37;-89;-116;-109;-95;-100
-175;-150;-123;-108;-36;-88;-116;-109;-95;-99
-176;-152;-123;-109;-36;-88;-116;-109;-96;-99
-178;-153;-124;-110;-35;-87;-116;-109;-96;-98
-179;-155;-125;-112;-35;-86;-115;-109;-96;-98
-180;-156;-126;-113;-35;-86;-115;-109;-96;-97
-181;-158;-126;-114;-34;-85;-115;-109;-97;-97
-182;-160;-127;-115;-34;-84;-115;-109;-97;-96
-183;-161;-128;-116;-34;-84;-114;-109;-97;-96
-183;-163;-129;-117;-33;-83;-114;-109;-97;-95
-184;-164;-129;-119;-33;-82;-114;-109;-98;-95
-185;-165;-130;-120;-33;-81;-114;-109;-98;-94
-186;-167;-131;-121;-33;-81;-113;-109;-98;-94
-187;-168;-132;-122;-33;-80;-113;-109;-98;-93
-187;-169;-132;-123;-33;-79;-113;-109;-99;-93
-188;-171;-133;-125;-33;-79;-113;-109;-99;-93
-189;-172;-134;-126;-33;-78;-112;-109;-99;-92
-189;-173;-135;-127;-33;-77;-112;-109;-99;-92
-190;-175;-135;-128;-33;-77;-112;-109;-100;-91
-191;-176;-136;-130;-33;-76;-111;-109;-100;-91
-191;-177;-137;-131;-33;-76;-111;-109;-100;-90
-191;-178;-137;-132;-34;-75;-110;-109;-101;-90
-192;-179;-138;-133;-34;-74;-110;-110;-101;-89
-192;-180;-139;-135;-34;-74;-110;-110;-101;-89
-193;-181;-140;-136;-35;-73;-109;-110;-102;-88
-193;-182;-140;-137;-35;-73;-109;-110;-102;-88
-193;-183;-141;-138;-35;-72;-108;-110;-102;-87
-193;-184;-142;-140;-36;-72;-108;-110;-102;-87
-193;-185;-142;-141;-36;-71;-107;-110;-103;-86
-194;-186;-143;-142;-37;-70;-107;-111;-103;-86
-194;-187;-144;-143;-37;-70;-106;-111;-103;-85
-194;-188;-145;-145;-38;-69;-106;-111;-104;-85
-194;-188;-145;-146;-39;-69;-105;-111;-104;-84
-194;-189;-146;-147;-39;-69;-105;-111;-105;-84
-193;-190;-147;-149;-40;-68;-104;-111;-105;-83
-193;-190;-147;-150;-41;-68;-104;-112;-105;-83
-193;-191;-148;-151;-42;-67;-103;-112;-106;-82
-193;-191;-148;-152;-42;-67;-103;-112;-106;-82
-192;-192;-149;-154;-43;-66;-102;-112;-106;-82
-192;-192;-150;-155;-44;-66;-102;-112;-107;-81
-192;-193;-150;-156;-45;-66;-101;-113;-107;-81
-191;-193;-151;-157;-46;-65;-100;-113;-108;-80
-191;-193;-151;-159;-47;-65;-100;-113;-108;-80
-190;-194;-152;-160;-48;-65;-99;-113;-108;-79
-190;-194;-153;-161;-49;-64;-99;-114;-109;-79
-189;-194;-153;-162;-50;-64;-98;-114;-109;-78
-188;-194;-154;-163;-52;-64;-97;-114;-110;-78
-187;-194;-154;-165;-53;-64;-97;-114;-110;-78
-187;-194;-155;-166;-54;-64;-96;-115;-111;-77
-186;-194;-155;-167;-55;-63;-95;-115;-111;-77
-185;-194;-156;-168;-57;-63;-95;-115;-112;-76
-184;-194;-156;-169;-58;-63;-94;-115;-112;-76
-183;-194;-156;-170;-59;-63;-93;-116;-112;-76
-182;-194;-157;-172;-61;-63;-92;-116;-113;-75
-181;-194;-157;-173;-62;-63;-92;-116;-113;-75
-180;-193;-158;-174;-64;-63;-91;-117;-114;-75
-179;-193;-158;-175;-65;-63;-90;-117;-114;-74
-177;-192;-158;-176;-67;-63;-89;-117;-115;-74
-176;-192;-159;-177;-68;-63;-89;-117;-115;-74
-175;-192;-159;-178;-70;-63;-88;-118;-116;-73
-173;-191;-159;-179;-72;-63;-87;-118;-116;-73
-172;-190;-159;-180;-73;-63;-86;-118;-117;-73
-170;-190;-160;-181;-75;-63;-86;-119;-117;-72
-169;-189;-160;-182;-77;-63;-85;-119;-118;-72
-167;-188;-160;-183;-78;-64;-84;-119;-119;-72
-166;-188;-160;-184;-80;-64;-83;-119;-119;-71
-164;-187;-160;-185;-82;-64;-82;-120;-120;-71
-162;-186;-160;-185;-84;-64;-81;-120;-120;-71
-160;-185;-160;-186;-86;-65;-81;-120;-121;-71
-159;-184;-160;-187;-87;-65;-80;-120;-121;-70
-157;-183;-161;-188;-89;-65;-79;-121;-122;-70
-155;-182;-161;-189;-91;-66;-78;-121;-122;-70
-153;-181;-160;-189;-93;-66;-77;-121;-123;-70
-151;-180;-160;-190;-95;-66;-76;-121;-124;-69
-149;-178;-160;-191;-97;-67;-76;-122;-124;-69
-147;-177;-160;-192;-99;-67;-75;-122;-125;-69
-145;-176;-160;-192;-101;-68;-74;-122;-125;-69
-143;-174;-160;-193;-103;-68;-73;-122;-126;-69
-140;-173;-160;-193;-105;-69;-72;-122;-127;-69
-138;-171;-160;-194;-107;-69;-71;-123;-127;-68
-136;-170;-159;-194;-109;-70;-70;-123;-128;-68
-134;-168;-159;-195;-111;-70;-70;-123;-128;-68
-131;-167;-159;-195;-113;-71;-69;-123;-129;-68
-129;-165;-158;-196;-115;-72;-68;-123;-130;-68
-127;-163;-158;-196;-117;-72;-67;-123;-130;-68
-124;-162;-158;-197;-119;-73;-66;-123;-131;-68
-122;-160;-157;-197;-122;-74;-65;-124;-131;-68
-119;-158;-157;-197;-124;-74;-64;-124;-132;-68
-117;-156;-156;-197;-126;-75;-64;-124;-133;-68
-114;-154;-156;-198;-128;-76;-63;-124;-133;-68
-111;-153;-155;-198;-130;-77;-62;-124;-134;-68
-109;-151;-155;-198;-132;-78;-61;-124;-134;-68
-106;-149;-154;-198;-134;-79;-60;-124;-135;-68
-104;-146;-153;-198;-136;-79;-59;-124;-136;-68
-101;-144;-153;-198;-139;-80;-59;-124;-136;-68
-98;-142;-152;-198;-141;-81;-58;-124;-137;-68
-95;-140;-151;-198;-143;-82;-57;-124;-138;-68
-93;-138;-150;-198;-145;-83;-56;-124;-138;-68
-90;-136;-150;-198;-147;-84;-55;-124;-139;-68
-87;-133;-149;-198;-149;-85;-55;-124;-139;-68
-84;-131;-148;-198;-151;-86;-54;-123;-140;-69
-81;-129;-147;-198;-153;-87;-53;-123;-141;-69
-78;-126;-146;-197;-155;-88;-52;-123;-141;-69
-76;-124;-145;-197;-157;-89;-52;-123;-142;-69
-73;-122;-144;-197;-159;-91;-51;-123;-142;-69
-70;-119;-143;-196;-161;-92;-50;-123;-143;-70
-67;-117;-142;-196;-164;-93;-50;-122;-144;-70
-64;-114;-141;-195;-166;-94;-49;-122;-144;-70
-61;-112;-140;-195;-167;-95;-48;-122;-145;-70
-58;-109;-139;-194;-169;-96;-48;-121;-145;-71
-55;-106;-137;-194;-171;-97;-47;-121;-146;-71
-52;-104;-136;-193;-173;-99;-46;-121;-146;-71
-49;-101;-135;-192;-175;-100;-46;-120;-147;-72
-46;-98;-134;-192;-177;-101;-45;-120;-147;-72
-43;-96;-132;-191;-179;-102;-45;-120;-148;-72
-40;-93;-131;-190;-181;-104;-44;-119;-148;-73
-37;-90;-130;-189;-183;-105;-44;-119;-149;-73
-34;-88;-128;-189;-184;-106;-43;-118;-149;-74
-31;-85;-127;-188;-186;-108;-43;-118;-150;-74
-28;-82;-125;-187;-188;-109;-42;-117;-150;-75
-25;-79;-124;-186;-190;-110;-42;-117;-151;-75
-22;-77;-122;-185;-191;-112;-41;-116;-151;-76
-19;-74;-121;-184;-193;-113;-41;-116;-152;-76
-16;-71;-119;-182;-194;-114;-41;-115;-152;-77
-13;-68;-118;-181;-196;-116;-40;-114;-153;-77
-11;-65;-116;-180;-198;-117;-40;-114;-153;-78
-8;-63;-114;-179;-199;-118;-40;-113;-153;-78
-5;-60;-112;-178;-201;-120;-39;-112;-154;-79
-2;-57;-111;-176;-202;-121;-39;-112;-154;-80
1;-54;-109;-175;-203;-122;-39;-111;-155;-80
4;-51;-107;-174;-205;-124;-39;-110;-155;-81
7;-48;-105;-172;-206;-125;-38;-109;-155;-82
9;-46;-104;-171;-207;-127;-38;-108;-156;-82
12;-43;-102;-169;-208;-128;-38;-108;-156;-83
15;-40;-100;-168;-210;-129;-38;-107;-156;-84
17;-37;-98;-166;-211;-131;-38;-106;-156;-85
20;-34;-96;-164;-212;-132;-38;-105;-157;-85
23;-32;-94;-163;-213;-133;-38;-104;-157;-86
25;-29;-92;-161;-214;-135;-38;-103;-157;-87
28;-26;-90;-159;-215;-136;-38;-102;-157;-88
30;-23;-88;-157;-216;-138;-38;-101;-157;-89
33;-21;-86;-156;-216;-139;-38;-100;-157;-90
35;-18;-84;-154;-217;-140;-38;-99;-158;-90
38;-15;-82;-152;-218;-142;-39;-98;-158;-91
40;-12;-80;-150;-219;-143;-39;-97;-158;-92
43;-10;-78;-148;-219;-144;-39;-96;-158;-93
45;-7;-76;-146;-220;-146;-39;-95;-158;-94
47;-5;-74;-144;-220;-147;-40;-93;-158;-95
49;-2;-71;-142;-221;-148;-40;-92;-158;-96
52;1;-69;-140;-221;-149;-41;-91;-158;-97
54;3;-67;-138;-222;-151;-41;-90;-158;-98
56;6;-65;-135;-222;-152;-41;-89;-158;-99
58;8;-63;-133;-222;-153;-42;-87;-157;-100
60;11;-61;-131;-223;-154;-42;-86;-157;-101
62;13;-58;-129;-223;-156;-43;-85;-157;-102
63;15;-56;-126;-223;-157;-44;-84;-157;-103
65;18;-54;-124;-223;-158;-44;-82;-157;-105
67;20;-52;-122;-223;-159;-45;-81;-157;-106
69;22;-49;-119;-223;-160;-46;-80;-156;-107
70;25;-47;-117;-223;-161;-46;-78;-156;-108
72;27;-45;-115;-222;-163;-47;-77;-156;-109
73;29;-43;-112;-222;-164;-48;-75;-155;-110
75;31;-40;-110;-222;-165;-49;-74;-155;-111
76;33;-38;-107;-221;-166;-50;-73;-154;-113
77;35;-36;-105;-221;-167;-51;-71;-154;-114
79;37;-34;-102;-221;-168;-52;-70;-154;-115
80;39;-31;-100;-220;-169;-53;-68;-153;-116
81;41;-29;-97;-219;-170;-54;-67;-152;-118
82;43;-27;-94;-219;-171;-55;-66;-152;-119
83;45;-25;-92;-218;-171;-56;-64;-151;-120
84;46;-22;-89;-217;-172;-57;-63;-151;-121
84;48;-20;-86;-216;-173;-58;-61;-150;-123
85;50;-18;-84;-215;-174;-59;-60;-149;-124
86;51;-16;-81;-215;-175;-61;-58;-149;-125
86;53;-14;-78;-213;-175;-62;-57;-148;-127
87;54;-11;-76;-212;-176;-63;-55;-147;-128
87;55;-9;-73;-211;-177;-64;-54;-146;-129
88;57;-7;-70;-210;-178;-66;-52;-145;-131
88;58;-5;-68;-209;-178;-67;-51;-145;-132
88;59;-3;-65;-207;-179;-69;-50;-144;-133
88;60;-1;-62;-206;-179;-70;-48;-143;-135
88;61;1;-59;-205;-180;-72;-47;-142;-136
88;62;3;-57;-203;-180;-73;-45;-141;-137
88;63;6;-54;-202;-181;-75;-44;-140;-139
88;64;8;-51;-200;-181;-76;-42;-139;-140
87;65;10;-48;-198;-182;-78;-41;-137;-141
87;66;12;-45;-197;-182;-80;-40;-136;-143
87;66;14;-43;-195;-182;-81;-38;-135;-144
86;67;16;-40;-193;-182;-83;-37;-134;-146
85;67;17;-37;-191;-183;-85;-35;-133;-147
85;68;19;-34;-189;-183;-87;-34;-131;-148
84;68;21;-32;-187;-183;-89;-33;-130;-150
83;68;23;-29;-185;-183;-90;-31;-129;-151
82;69;25;-26;-183;-183;-92;-30;-127;-152
81;69;27;-23;-181;-183;-94;-29;-126;-154
79;69;28;-21;-179;-183;-96;-27;-125;-155
78;69;30;-18;-177;-183;-98;-26;-123;-156
77;69;32;-15;-174;-183;-100;-25;-122;-158
75;68;33;-12;-172;-183;-102;-24;-120;-159
74;68;35;-10;-170;-183;-104;-22;-119;-161
72;68;36;-7;-167;-183;-106;-21;-117;-162
70;67;38;-4;-165;-182;-108;-20;-115;-163
69;67;39;-2;-162;-182;-110;-19;-114;-165
67;66;41;1;-160;-182;-112;-18;-112;-166
65;66;42;4;-157;-182;-114;-17;-110;-167
63;65;44;6;-154;-181;-116;-16;-109;-168
60;64;45;9;-152;-181;-119;-15;-107;-170
58;63;46;11;-149;-180;-121;-14;-105;-171
56;62;47;14;-146;-180;-123;-13;-103;-172
53;61;48;16;-143;-179;-125;-12;-102;-173
51;60;50;19;-141;-179;-127;-11;-100;-175
48;58;51;21;-138;-178;-129;-10;-98;-176
46;57;52;24;-135;-177;-132;-9;-96;-177
43;56;53;26;-132;-177;-134;-9;-94;-178
40;54;53;29;-129;-176;-136;-8;-92;-179
37;53;54;31;-126;-175;-138;-7;-90;-181
34;51;55;33;-123;-174;-141;-6;-88;-182
31;49;56;35;-120;-173;-143;-6;-86;-183
28;47;57;38;-117;-172;-145;-5;-84;-184
24;45;57;40;-114;-171;-147;-5;-82;-185
21;43;58;42;-111;-170;-150;-4;-80;-186
17;41;58;44;-107;-169;-152;-4;-78;-187
14;39;59;46;-104;-168;-154;-3;-76;-188
10;37;59;48;-101;-167;-156;-3;-74;-189
6;34;59;50;-98;-166;-159;-3;-72;-190
3;32;60;52;-95;-165;-161;-2;-69;-191
-1;29;60;54;-91;-164;-163;-2;-67;-192
-5;27;60;56;-88;-162;-165;-2;-65;-193
-9;24;60;58;-85;-161;-167;-2;-63;-193
-13;21;60;60;-81;-160;-170;-2;-61;-194
-17;19;60;62;-78;-158;-172;-2;-58;-195
-22;16;60;63;-75;-157;-174;-2;-56;-196
-26;13;60;65;-71;-156;-176;-2;-54;-196
-30;10;59;67;-68;-154;-178;-2;-52;-197
-35;6;59;68;-65;-153;-181;-2;-50;-198
-39;3;59;70;-61;-151;-183;-2;-47;-198
-44;0;58;71;-58;-150;-185;-3;-45;-199
-49;-3;58;73;-55;-148;-187;-3;-43;-199
-53;-7;57;74;-51;-146;-189;-3;-41;-200
-58;-10;56;75;-48;-145;-191;-4;-38;-200
-63;-14;56;76;-45;-143;-193;-4;-36;-201
-68;-18;55;78;-41;-141;-195;-5;-34;-201
-73;-21;54;79;-38;-140;-197;-6;-32;-202
-78;-25;53;80;-35;-138;-199;-6;-29;-202
-83;-29;52;81;-32;-136;-201;-7;-27;-202
-88;-33;51;82;-28;-134;-203;-8;-25;-202
-93;-37;50;83;-25;-132;-205;-9;-23;-203
-98;-41;48;83;-22;-130;-207;-9;-20;-203
-104;-45;47;84;-18;-129;-208;-10;-18;-203
-109;-49;46;85;-15;-127;-210;-11;-16;-203
-114;-54;44;86;-12;-125;-212;-13;-14;-203
-120;-58;43;86;-9;-123;-214;-14;-12;-203
-125;-62;41;87;-6;-121;-215;-15;-9;-203
-131;-67;39;87;-2;-119;-217;-16;-7;-203
-136;-71;38;87;1;-117;-218;-17;-5;-203
-142;-76;36;88;4;-115;-220;-19;-3;-203
-147;-80;34;88;7;-113;-221;-20;-1;-202
-153;-85;32;88;10;-111;-223;-22;1;-202
-158;-89;30;88;13;-108;-224;-23;3;-202
-164;-94;28;88;16;-106;-226;-25;5;-201
-170;-99;26;88;19;-104;-227;-26;7;-201
-175;-104;23;88;22;-102;-228;-28;9;-200
-181;-108;21;88;25;-100;-230;-30;11;-200
-187;-113;19;88;27;-98;-231;-32;13;-199
-193;-118;16;87;30;-96;-232;-34;15;-199
-198;-123;14;87;33;-93;-233;-36;17;-198
-204;-128;11;87;36;-91;-234;-38;19;-197
-210;-133;8;86;38;-89;-235;-40;20;-196
-216;-138;5;86;41;-87;-236;-42;22;-196
-221;-143;3;85;44;-85;-237;-44;24;-195
-227;-148;0;84;46;-82;-237;-46;26;-194
-233;-153;-3;83;49;-80;-238;-48;27;-193
-239;-158;-6;82;51;-78;-239;-51;29;-192
-244;-164;-9;81;53;-76;-240;-53;30;-191
-250;-169;-13;80;56;-74;-240;-55;32;-189
-256;-174;-16;79;58;-71;-241;-58;33;-188
-262;-179;-19;78;60;-69;-241;-60;35;-187
-267;-184;-22;77;62;-67;-241;-63;36;-186
-273;-189;-26;76;64;-65;-242;-66;37;-184
-279;-195;-29;74;67;-63;-242;-68;39;-183
-284;-200;-33;73;69;-61;-242;-71;40;-182
-290;-205;-36;71;70;-58;-242;-74;41;-180
-295;-210;-40;69;72;-56;-242;-76;42;-178
-301;-215;-44;68;74;-54;-242;-79;43;-177
-306;-221;-48;66;76;-52;-242;-82;44;-175
-312;-226;-51;64;77;-50;-242;-85;45;-173
-317;-231;-55;62;79;-48;-242;-88;46;-172
-323;-236;-59;60;81;-46;-242;-91;47;-170
-328;-241;-63;58;82;-43;-241;-94;48;-168
-333;-246;-67;56;83;-41;-241;-97;49;-166
-338;-251;-71;54;85;-39;-241;-100;49;-164
-343;-256;-76;52;86;-37;-240;-103;50;-162
-349;-262;-80;49;87;-35;-239;-106;50;-160
-354;-267;-84;47;88;-33;-239;-109;51;-158
-359;-272;-88;44;89;-31;-238;-113;51;-156
-363;-276;-93;42;90;-29;-237;-116;52;-154
-368;-281;-97;39;91;-27;-236;-119;52;-151
-373;-286;-101;36;92;-25;-235;-122;52;-149
-378;-291;-106;34;93;-24;-234;-126;52;-147
-382;-296;-110;31;93;-22;-233;-129;52;-144
-387;-301;-115;28;94;-20;-232;-132;52;-142
-391;-305;-119;25;94;-18;-231;-136;52;-139
-396;-310;-124;22;95;-16;-230;-139;52;-137
-400;-315;-129;19;95;-15;-228;-143;52;-134
-404;-319;-133;16;95;-13;-227;-146;52;-132
-408;-324;-138;12;95;-11;-225;-149;51;-129
-412;-328;-143;9;96;-10;-224;-153;51;-126
-416;-332;-147;6;95;-8;-222;-156;50;-123
-420;-337;-152;2;95;-6;-220;-160;50;-121
-424;-341;-157;-1;95;-5;-219;-163;49;-118
-427;-345;-162;-5;95;-3;-217;-167;48;-115
-431;-349;-166;-8;95;-2;-215;-170;48;-112
-434;-353;-171;-12;94;0;-213;-174;47;-109
-437;-357;-176;-16;94;1;-211;-177;46;-106
-440;-361;-181;-19;93;2;-209;-180;45;-103
-443;-365;-186;-23;92;4;-206;-184;44;-100
-446;-368;-190;-27;92;5;-204;-187;42;-97
-449;-372;-195;-31;91;6;-202;-191;41;-94
-452;-375;-200;-35;90;8;-200;-194;40;-91
-454;-379;-205;-39;89;9;-197;-198;38;-88
-457;-382;-210;-43;88;10;-195;-201;37;-85
-459;-385;-215;-47;87;11;-192;-204;35;-81
-461;-388;-220;-52;85;12;-189;-208;34;-78
-463;-391;-224;-56;84;13;-187;-211;32;-75
-465;-394;-229;-60;82;14;-184;-214;30;-72
-467;-397;-234;-64;81;15;-181;-218;28;-68
-468;-400;-239;-69;79;16;-178;-221;26;-65
-470;-402;-244;-73;78;17;-176;-224;24;-62
-471;-405;-249;-78;76;17;-173;-227;22;-58
-472;-407;-253;-82;74;18;-170;-231;20;-55
-473;-409;-258;-87;72;19;-167;-234;17;-52
-474;-412;-263;-91;70;19;-163;-237;15;-48
-475;-414;-267;-96;68;20;-160;-240;13;-45
-476;-416;-272;-100;66;20;-157;-243;10;-41
-476;-417;-277;-105;63;21;-154;-246;7;-38
-476;-419;-281;-110;61;21;-151;-249;5;-35
-476;-420;-286;-114;58;22;-147;-252;2;-31
-476;-422;-290;-119;56;22;-144;-255;-1;-28
-476;-423;-295;-124;53;22;-140;-257;-4;-24
-476;-424;-299;-129;51;23;-137;-260;-7;-21
-475;-425;-304;-133;48;23;-133;-263;-10;-18
-475;-426;-308;-138;45;23;-130;-266;-13;-14
-474;-427;-312;-143;42;23;-126;-268;-16;-11
-473;-428;-317;-148;39;23;-123;-271;-19;-7
-471;-428;-321;-153;36;23;-119;-273;-23;-4
-470;-428;-325;-158;33;23;-115;-276;-26;-1
-469;-428;-329;-163;30;23;-112;-278;-29;3
-467;-429;-333;-167;26;23;-108;-280;-33;6
-465;-428;-337;-172;23;22;-104;-282;-37;9
-463;-428;-341;-177;20;22;-100;-285;-40;13
-461;-428;-345;-182;16;22;-96;-287;-44;16
-459;-427;-349;-187;13;21;-93;-289;-48;19
-456;-427;-352;-192;9;21;-89;-291;-52;22
-453;-426;-356;-197;5;20;-85;-293;-55;26
-451;-425;-360;-202;2;20;-81;-294;-59;29
-447;-424;-363;-207;-2;19;-77;-296;-63;32
-444;-422;-367;-212;-6;19;-73;-298;-68;35
-441;-421;-370;-217;-10;18;-69;-299;-72;38
-437;-419;-373;-221;-14;17;-65;-301;-76;41
-434;-418;-376;-226;-18;16;-61;-302;-80;44
-430;-416;-379;-231;-22;16;-57;-304;-84;47
-426;-414;-382;-236;-27;15;-53;-305;-89;50
-422;-412;-385;-241;-31;14;-49;-306;-93;53
-417;-409;-388;-246;-35;13;-46;-307;-97;56
-413;-407;-391;-251;-39;12;-42;-308;-102;59
-408;-404;-394;-255;-44;11;-38;-309;-106;61
-403;-401;-396;-260;-48;10;-34;-310;-111;64
-398;-398;-398;-265;-53;8;-30;-310;-115;67
-393;-395;-401;-269;-57;7;-26;-311;-120;69
-387;-392;-403;-274;-62;6;-22;-312;-125;72
-382;-389;-405;-279;-66;5;-18;-312;-129;74
-376;-385;-407;-283;-71;3;-14;-312;-134;77
-370;-381;-409;-288;-76;2;-10;-313;-139;79
-364;-378;-411;-292;-80;0;-6;-313;-143;81
-358;-374;-413;-297;-85;-1;-3;-313;-148;84
-352;-369;-414;-301;-90;-3;1;-313;-153;86
-345;-365;-416;-306;-95;-4;5;-313;-158;88
-339;-361;-417;-310;-100;-6;9;-312;-162;90
-332;-356;-418;-314;-104;-8;13;-312;-167;92
-325;-351;-420;-318;-109;-9;16;-311;-172;94
-318;-347;-421;-323;-114;-11;20;-311;-177;96
-310;-341;-421;-327;-119;-13;23;-310;-182;97
-303;-336;-422;-331;-124;-15;27;-309;-186;99
-296;-331;-423;-335;-129;-17;31;-309;-191;101
-288;-326;-423;-339;-134;-18;34;-308;-196;102
-280;-320;-424;-343;-139;-20;38;-307;-201;104
-272;-314;-424;-347;-144;-22;41;-305;-206;105
-264;-308;-424;-350;-149;-24;44;-304;-211;106
-256;-302;-424;-354;-154;-26;48;-303;-215;108
-248;-296;-424;-358;-159;-29;51;-301;-220;109
-239;-290;-424;-361;-164;-31;54;-300;-225;110
-230;-284;-424;-365;-169;-33;57;-298;-230;111
-222;-277;-423;-368;-174;-35;61;-296;-235;111
-213;-270;-423;-371;-179;-37;64;-294;-239;112
-204;-264;-422;-375;-184;-39;67;-292;-244;113
-195;-257;-421;-378;-190;-42;70;-290;-249;113
-186;-250;-420;-381;-195;-44;72;-288;-253;114
-177;-243;-419;-384;-200;-46;75;-286;-258;114
-167;-235;-418;-387;-205;-49;78;-283;-263;115
-158;-228;-416;-390;-210;-51;81;-281;-267;115
-148;-221;-415;-392;-215;-53;83;-278;-272;115
-139;-213;-413;-395;-220;-56;86;-276;-276;115
-129;-205;-411;-398;-224;-58;88;-273;-280;115
-119;-198;-409;-400;-229;-61;91;-270;-285;114
-109;-190;-407;-402;-234;-63;93;-267;-289;114
-99;-182;-405;-405;-239;-66;95;-264;-293;114
-89;-174;-402;-407;-244;-68;98;-261;-298;113
-79;-166;-400;-409;-249;-71;100;-258;-302;113
-69;-157;-397;-411;-254;-73;102;-254;-306;112
-59;-149;-395;-413;-258;-76;104;-251;-310;111
-48;-141;-392;-415;-263;-78;105;-247;-314;110
-38;-132;-389;-416;-268;-81;107;-244;-318;109
-28;-124;-386;-418;-272;-83;109;-240;-322;108
-17;-115;-382;-419;-277;-86;110;-236;-325;107
-7;-106;-379;-421;-281;-89;112;-232;-329;105
4;-98;-375;-422;-286;-91;113;-228;-333;104
14;-89;-372;-423;-290;-94;115;-224;-336;102
25;-80;-368;-424;-295;-97;116;-220;-340;100
36;-71;-364;-425;-299;-99;117;-216;-343;99
46;-62;-360;-426;-303;-102;118;-211;-346;97
57;-53;-355;-427;-307;-104;119;-207;-350;95
67;-44;-351;-427;-311;-107;120;-203;-353;93
78;-35;-347;-428;-316;-110;121;-198;-356;90
89;-25;-342;-428;-320;-112;121;-194;-359;88
99;-16;-337;-428;-324;-115;122;-189;-362;86
110;-7;-333;-428;-327;-118;122;-184;-364;83
121;2;-328;-428;-331;-120;123;-179;-367;80
131;11;-323;-428;-335;-123;123;-174;-369;78
142;21;-317;-428;-339;-126;123;-170;-372;75
152;30;-312;-427;-342;-128;123;-165;-374;72
163;39;-307;-427;-346;-131;123;-159;-376;69
173;49;-301;-426;-349;-133;123;-154;-379;65
184;58;-295;-426;-353;-136;123;-149;-381;62
194;67;-290;-425;-356;-139;123;-144;-382;59
205;77;-284;-424;-359;-141;122;-139;-384;55
215;86;-278;-423;-362;-144;122;-133;-386;52
225;95;-272;-421;-365;-146;121;-128;-387;48
235;105;-265;-420;-368;-149;120;-123;-389;44
245;114;-259;-418;-371;-151;119;-117;-390;40
255;123;-253;-417;-374;-154;118;-112;-391;36
265;132;-246;-415;-376;-156;117;-106;-392;32
275;141;-240;-413;-379;-159;116;-101;-393;28
285;150;-233;-411;-381;-161;115;-95;-394;24
294;160;-226;-409;-384;-163;114;-90;-395;19
304;169;-219;-407;-386;-166;112;-84;-395;15
313;177;-212;-404;-388;-168;111;-78;-396;10
323;186;-205;-402;-390;-170;109;-73;-396;6
332;195;-198;-399;-392;-173;107;-67;-396;1
341;204;-191;-397;-394;-175;105;-61;-396;-4
350;213;-183;-394;-396;-177;103;-56;-396;-9
359;221;-176;-391;-398;-180;101;-50;-396;-14
368;230;-169;-388;-399;-182;99;-44;-396;-19
376;238;-161;-384;-401;-184;97;-38;-395;-24
385;247;-153;-381;-402;-186;94;-33;-394;-29
393;255;-146;-377;-403;-188;92;-27;-394;-34
401;263;-138;-374;-404;-190;89;-21;-393;-40
409;271;-130;-370;-405;-192;87;-15;-392;-45
417;279;-122;-366;-406;-194;84;-10;-390;-51
424;287;-115;-362;-407;-196;81;-4;-389;-56
432;295;-107;-358;-408;-198;78;2;-388;-62
439;303;-99;-354;-408;-200;75;7;-386;-68
446;310;-91;-350;-409;-202;72;13;-384;-73
453;317;-82;-345;-409;-204;69;19;-382;-79
460;325;-74;-341;-409;-206;66;24;-380;-85
466;332;-66;-336;-409;-207;62;30;-378;-91
473;339;-58;-331;-409;-209;59;35;-376;-97
479;346;-50;-326;-409;-211;55;41;-373;-103
485;352;-41;-321;-409;-212;51;46;-371;-109
490;359;-33;-316;-408;-214;48;52;-368;-115
496;365;-25;-311;-408;-215;44;57;-365;-121
501;372;-17;-306;-407;-217;40;62;-362;-127
506;378;-8;-300;-406;-218;36;68;-359;-134
511;384;0;-295;-405;-220;32;73;-356;-140
515;389;8;-289;-404;-221;28;78;-352;-146
520;395;17;-283;-403;-223;24;83;-349;-152
524;400;25;-278;-402;-224;19;88;-345;-159
528;405;33;-272;-400;-225;15;93;-341;-165
531;410;42;-266;-399;-226;11;98;-337;-171
535;415;50;-260;-397;-227;6;103;-333;-178
538;420;58;-253;-395;-228;2;108;-329;-184
541;424;67;-247;-394;-230;-3;113;-324;-191
543;429;75;-241;-392;-231;-8;117;-320;-197
546;433;83;-234;-389;-231;-12;122;-315;-203
548;437;92;-228;-387;-232;-17;126;-311;-210
550;440;100;-221;-385;-233;-22;131;-306;-216
551;444;108;-214;-382;-234;-27;135;-301;-223
553;447;116;-208;-380;-235;-32;139;-296;-229
554;450;124;-201;-377;-236;-37;143;-290;-235
554;453;132;-194;-374;-236;-42;147;-285;-242
555;455;140;-187;-371;-237;-47;151;-279;-248
555;458;148;-180;-368;-237;-52;155;-274;-254
555;460;156;-173;-365;-238;-57;159;-268;-261
555;462;164;-165;-362;-238;-62;163;-262;-267
554;463;172;-158;-358;-239;-67;166;-256;-273
553;465;179;-151;-355;-239;-73;170;-250;-279
552;466;187;-144;-351;-239;-78;173;-244;-286
550;467;195;-136;-347;-240;-83;176;-238;-292
548;468;202;-129;-343;-240;-89;179;-232;-298
546;468;210;-121;-339;-240;-94;182;-225;-304
544;468;217;-114;-335;-240;-99;185;-219;-310
541;468;224;-106;-331;-240;-105;188;-212;-316
538;468;231;-98;-327;-240;-110;191;-205;-322
535;468;238;-91;-322;-240;-116;193;-199;-328
531;467;245;-83;-318;-240;-121;195;-192;-333
528;466;252;-75;-313;-240;-126;198;-185;-339
523;465;259;-67;-309;-240;-132;200;-178;-345
519;463;266;-60;-304;-240;-137;202;-171;-350
514;461;272;-52;-299;-239;-143;204;-164;-356
509;459;279;-44;-294;-239;-148;205;-156;-361
504;457;285;-36;-289;-239;-154;207;-149;-366
498;455;291;-28;-283;-238;-159;209;-142;-372
492;452;297;-20;-278;-238;-165;210;-134;-377
486;449;303;-12;-273;-237;-170;211;-127;-382
480;446;309;-4;-267;-237;-176;212;-119;-387
473;442;315;4;-262;-236;-181;213;-111;-392
466;438;320;11;-256;-236;-186;214;-104;-397
458;434;326;19;-250;-235;-192;214;-96;-401
451;430;331;27;-245;-234;-197;215;-88;-406
443;425;336;35;-239;-233;-202;215;-81;-410
435;421;341;43;-233;-233;-208;215;-73;-415
426;415;346;51;-227;-232;-213;216;-65;-419
417;410;351;59;-220;-231;-218;215;-57;-423
408;405;355;67;-214;-230;-223;215;-49;-427
399;399;360;74;-208;-229;-228;215;-41;-431
389;393;364;82;-202;-228;-233;214;-33;-435
379;386;368;90;-195;-227;-238;214;-25;-438
369;380;372;98;-189;-226;-243;213;-17;-442
359;373;376;105;-182;-224;-248;212;-9;-445
348;366;379;113;-176;-223;-253;211;-1;-448
337;359;383;121;-169;-222;-258;209;7;-451
326;351;386;128;-162;-221;-263;208;15;-454
315;343;389;136;-156;-219;-268;207;22;-457
303;335;392;143;-149;-218;-272;205;30;-460
291;327;395;150;-142;-217;-277;203;38;-462
279;318;397;158;-135;-215;-281;201;46;-465
267;310;400;165;-128;-214;-286;199;54;-467
254;301;402;172;-121;-212;-290;196;62;-469
241;291;404;179;-114;-211;-295;194;70;-471
228;282;406;186;-107;-209;-299;191;78;-473
215;272;407;193;-100;-208;-303;189;85;-474
201;263;409;200;-93;-206;-307;186;93;-476
188;252;410;207;-86;-204;-311;183;101;-477
174;242;411;214;-79;-203;-315;180;108;-478
160;232;412;221;-72;-201;-319;176;116;-479
145;221;412;227;-65;-199;-323;173;123;-480
131;210;413;234;-58;-198;-326;169;131;-481
116;199;413;240;-50;-196;-330;166;138;-481
101;188;413;246;-43;-194;-333;162;146;-481
86;176;413;252;-36;-192;-337;158;153;-481
71;164;413;259;-29;-190;-340;154;160;-481
56;153;412;265;-21;-189;-343;149;167;-481
40;141;411;270;-14;-187;-346;145;174;-481
24;128;410;276;-7;-185;-349;140;181;-480
9;116;409;282;0;-183;-352;136;188;-479
-7;103;408;287;7;-181;-355;131;194;-478
-23;91;406;293;14;-179;-357;126;201;-477
-40;78;404;298;22;-177;-360;121;208;-476
-56;65;402;303;29;-175;-362;116;214;-475
-72;52;400;308;36;-173;-365;111;220;-473
-89;38;398;313;43;-171;-367;105;226;-471
-105;25;395;318;50;-169;-369;100;232;-469
-122;11;392;323;57;-167;-371;94;238;-467
-139;-2;389;327;64;-165;-373;88;244;-465
-156;-16;386;331;71;-163;-375;83;250;-462
-173;-30;383;336;78;-161;-376;77;256;-459
-190;-44;379;340;85;-159;-378;71;261;-456
-207;-58;375;344;92;-156;-379;64;266;-453
-224;-73;371;347;99;-154;-381;58;271;-450
-241;-87;367;351;105;-152;-382;52;276;-447
-258;-102;363;355;112;-150;-383;46;281;-443
-276;-116;358;358;119;-148;-384;39;286;-439
-293;-131;353;361;125;-146;-384;32;291;-435
-310;-145;348;364;132;-144;-385;26;295;-431
-327;-160;343;367;138;-142;-386;19;299;-427
-344;-175;337;370;145;-139;-386;12;303;-422
-362;-190;332;372;151;-137;-386;5;307;-417
-379;-205;326;374;157;-135;-386;-2;311;-413
-396;-220;320;377;163;-133;-386;-9;315;-408
-413;-235;314;379;170;-131;-386;-16;318;-402
-430;-250;307;381;176;-129;-386;-23;321;-397
-447;-265;301;382;182;-127;-386;-30;324;-391
-464;-280;294;384;187;-125;-385;-38;327;-386
-481;-295;287;385;193;-122;-384;-45;330;-380
-498;-310;280;386;199;-120;-384;-52;332;-374
-515;-325;272;387;205;-118;-383;-60;335;-368
-532;-340;265;388;210;-116;-382;-67;337;-361
-548;-355;257;389;215;-114;-381;-75;339;-355
-565;-370;249;389;221;-112;-379;-82;341;-348
-581;-385;241;389;226;-110;-378;-90;342;-341
-597;-399;233;390;231;-108;-376;-98;344;-334
-613;-414;225;389;236;-106;-375;-105;345;-327
-629;-429;216;389;241;-104;-373;-113;346;-320
-645;-444;207;389;246;-102;-371;-121;347;-313
-661;-459;199;388;251;-100;-369;-128;347;-305
-676;-473;190;387;255;-98;-367;-136;348;-297
-692;-488;180;386;260;-96;-365;-144;348;-290
-707;-502;171;385;264;-94;-362;-151;348;-282
-722;-516;162;384;268;-92;-360;-159;348;-274
-737;-531;152;382;272;-90;-357;-167;347;-265
-751;-545;142;380;276;-88;-354;-174;347;-257
-765;-559;132;378;280;-86;-352;-182;346;-249
-780;-573;122;376;284;-84;-349;-190;345;-240
-794;-586;112;374;287;-82;-345;-197;344;-231
-807;-600;102;372;291;-80;-342;-205;342;-223
-821;-613;92;369;294;-78;-339;-213;341;-214
-834;-627;81;366;297;-77;-335;-220;339;-205
-847;-640;71;363;300;-75;-332;-228;337;-196
-860;-653;60;360;303;-73;-328;-235;335;-186
-872;-666;49;356;306;-71;-324;-243;332;-177
-884;-678;38;353;309;-70;-321;-250;330;-168
-896;-691;27;349;311;-68;-317;-257;327;-158
-908;-703;16;345;314;-66;-312;-265;324;-149
-919;-715;5;341;316;-64;-308;-272;320;-139
-930;-727;-7;336;318;-63;-304;-279;317;-129
-941;-739;-18;332;320;-61;-300;-286;313;-120
-951;-750;-30;327;322;-60;-295;-293;309;-110
-961;-762;-41;322;323;-58;-291;-300;305;-100
-971;-773;-53;317;325;-56;-286;-307;301;-90
-980;-784;-65;312;326;-55;-281;-314;296;-80
-989;-794;-76;307;327;-53;-276;-321;292;-70
-998;-804;-88;301;329;-52;-272;-327;287;-60
-1007;-814;-100;295;329;-50;-267;-334;282;-50
-1015;-824;-112;290;330;-49;-261;-340;276;-39
-1022;-834;-124;283;331;-48;-256;-347;271;-29
-1030;-843;-136;277;331;-46;-251;-353;265;-19
-1037;-852;-148;271;331;-45;-246;-359;259;-9
-1043;-861;-160;264;332;-43;-240;-365;253;2
-1049;-869;-172;258;331;-42;-235;-371;247;12
-1055;-877;-184;251;331;-41;-230;-377;241;22
-1061;-885;-197;244;331;-40;-224;-382;234;33
-1066;-893;-209;236;330;-38;-218;-388;227;43
-1070;-900;-221;229;330;-37;-213;-393;220;53
-1074;-907;-233;222;329;-36;-207;-399;213;64
-1078;-914;-245;214;328;-35;-201;-404;206;74
-1082;-920;-257;206;327;-33;-195;-409;198;84
-1085;-926;-270;198;325;-32;-189;-414;191;94
-1087;-932;-282;190;324;-31;-184;-419;183;105
-1090;-937;-294;182;322;-30;-178;-423;175;115
-1091;-942;-306;174;321;-29;-172;-428;167;125
-1093;-947;-318;165;319;-28;-166;-432;158;135
-1094;-951;-330;156;317;-27;-160;-437;150;145
-1094;-955;-342;148;314;-26;-153;-441;141;155
-1094;-959;-354;139;312;-25;-147;-444;133;165
-1094;-962;-366;130;309;-24;-141;-448;124;175
-1093;-965;-378;121;307;-23;-135;-452;115;185
-1092;-967;-389;111;304;-22;-129;-455;106;194
-1090;-970;-401;102;301;-21;-123;-459;96;204
-1088;-971;-413;93;298;-21;-116;-462;87;214
-1085;-973;-424;83;294;-20;-110;-465;78;223
-1082;-974;-436;73;291;-19;-104;-467;68;232
-1079;-975;-447;64;287;-18;-98;-470;58;242
-1075;-975;-459;54;283;-17;-92;-472;48;251
-1071;-975;-470;44;279;-17;-85;-475;38;260
-1066;-975;-481;34;275;-16;-79;-477;28;269
-1060;-974;-492;24;271;-15;-73;-479;18;278
-1055;-973;-503;13;267;-14;-67;-480;8;287
-1049;-971;-514;3;262;-14;-61;-482;-2;295
-1042;-969;-524;-7;257;-13;-55;-483;-13;304
-1035;-967;-535;-18;253;-12;-49;-484;-23;312
-1028;-964;-545;-28;248;-12;-42;-485;-34;320
-1020;-961;-556;-39;243;-11;-36;-486;-45;329
-1012;-957;-566;-50;237;-11;-30;-487;-55;336
-1003;-954;-576;-60;232;-10;-24;-487;-66;344
-994;-949;-586;-71;227;-9;-18;-488;-77;352
-984;-945;-595;-82;221;-9;-12;-488;-88;359
-974;-940;-605;-93;215;-8;-7;-488;-99;367
-964;-934;-614;-104;209;-8;-1;-487;-110;374
-953;-928;-624;-115;203;-7;5;-487;-121;381
-941;-922;-633;-126;197;-7;11;-486;-132;388
-930;-916;-642;-137;191;-6;16;-485;-143;394
-918;-909;-650;-148;184;-6;22;-484;-154;401
-905;-901;-659;-159;178;-5;28;-483;-165;407
-892;-893;-667;-170;171;-5;33;-481;-176;413
-879;-885;-675;-181;165;-5;38;-480;-187;419
-865;-877;-683;-192;158;-4;44;-478;-198;425
-851;-868;-691;-203;151;-4;49;-476;-209;430
-836;-859;-699;-214;144;-3;54;-474;-220;435
-821;-849;-706;-225;136;-3;59;-471;-232;440
-806;-839;-713;-236;129;-3;65;-469;-243;445
-790;-829;-720;-247;122;-2;69;-466;-254;450
-774;-818;-727;-259;114;-2;74;-463;-265;454
-758;-807;-733;-270;107;-1;79;-460;-276;459
-741;-795;-740;-281;99;-1;84;-457;-287;463
-724;-784;-746;-292;91;-1;88;-453;-297;466
-707;-771;-751;-303;83;0;93;-450;-308;470
-689;-759;-757;-314;75;0;97;-446;-319;473
-671;-746;-762;-324;67;0;102;-442;-330;476
-652;-733;-768;-335;59;1;106;-438;-340;479
-633;-719;-772;-346;51;1;110;-433;-351;482
-614;-706;-777;-357;43;1;114;-429;-361;484
-595;-691;-781;-368;34;2;118;-424;-372;486
-575;-677;-786;-378;26;2;122;-419;-382;488
-555;-662;-789;-389;18;2;126;-414;-392;489
-535;-647;-793;-399;9;2;129;-409;-402;491
-514;-631;-796;-410;0;3;133;-404;-412;492
-494;-616;-800;-420;-8;3;136;-398;-422;493
-473;-600;-802;-430;-17;3;139;-392;-432;493
-451;-583;-805;-440;-26;4;142;-387;-442;493
-430;-567;-807;-450;-35;4;145;-381;-451;494
-408;-550;-809;-460;-44;4;148;-374;-461;493
-386;-533;-811;-470;-53;5;151;-368;-470;493
-364;-515;-813;-480;-62;5;154;-362;-479;492
-341;-498;-814;-490;-71;5;156;-355;-488;491
-319;-480;-815;-499;-80;5;158;-348;-497;490
-296;-461;-815;-509;-89;6;161;-342;-505;488
-273;-443;-816;-518;-98;6;163;-335;-514;487
-250;-424;-816;-527;-107;6;165;-327;-522;485
-226;-405;-816;-536;-116;7;167;-320;-531;482
-203;-386;-815;-545;-125;7;168;-313;-539;480
-179;-367;-815;-554;-134;7;170;-305;-546;477
-155;-347;-814;-563;-144;8;171;-298;-554;474
-132;-328;-812;-571;-153;8;173;-290;-561;470
-108;-308;-811;-580;-162;8;174;-282;-569;467
-84;-288;-809;-588;-171;9;175;-274;-576;463
-59;-268;-807;-596;-181;9;176;-266;-583;459
-35;-247;-804;-604;-190;9;177;-258;-589;454
-11;-227;-802;-611;-199;10;177;-250;-596;449
14;-206;-799;-619;-208;10;178;-242;-602;444
38;-185;-795;-626;-217;10;178;-233;-608;439
62;-164;-792;-634;-227;11;178;-225;-614;434
87;-143;-788;-641;-236;11;178;-216;-620;428
111;-122;-784;-648;-245;11;178;-208;-625;422
136;-100;-779;-654;-254;12;178;-199;-630;416
160;-79;-774;-661;-263;12;178;-190;-635;409
185;-58;-769;-667;-272;12;177;-182;-640;402
209;-36;-764;-673;-281;13;177;-173;-644;395
234;-14;-759;-679;-290;13;176;-164;-649;388
258;7;-753;-685;-299;13;175;-155;-653;381
282;29;-747;-690;-308;14;174;-146;-656;373
306;51;-740;-696;-317;14;173;-137;-660;365
331;73;-733;-701;-326;14;171;-128;-663;357
355;94;-726;-706;-335;15;170;-119;-666;348
378;116;-719;-711;-343;15;168;-110;-669;340
402;138;-712;-715;-352;15;167;-100;-671;331
426;160;-704;-719;-360;16;165;-91;-673;321
449;182;-696;-723;-369;16;163;-82;-675;312
473;203;-688;-727;-377;16;161;-73;-677;302
496;225;-679;-731;-386;17;159;-64;-678;293
519;247;-670;-734;-394;17;156;-55;-680;283
542;268;-661;-737;-402;17;154;-45;-680;272
565;290;-652;-740;-410;18;151;-36;-681;262
587;311;-642;-743;-418;18;149;-27;-681;251
609;333;-632;-745;-426;18;146;-18;-681;240
631;354;-622;-748;-434;19;143;-9;-681;229
653;375;-612;-750;-442;19;140;0;-681;218
675;396;-601;-751;-450;19;137;9;-680;206
696;417;-591;-753;-457;19;133;18;-679;195
717;438;-580;-754;-465;20;130;27;-678;183
738;459;-568;-755;-472;20;127;36;-676;171
758;479;-557;-756;-479;20;123;45;-674;159
778;499;-545;-756;-486;21;119;53;-672;147
798;519;-533;-757;-493;21;115;62;-670;134
818;539;-521;-757;-500;21;111;71;-667;121
837;559;-509;-756;-507;21;107;79;-664;109
856;579;-496;-756;-514;21;103;88;-661;96
874;598;-483;-755;-520;22;99;96;-657;83
892;617;-470;-754;-527;22;95;105;-654;69
910;636;-457;-753;-533;22;90;113;-650;56
927;655;-444;-752;-539;22;86;121;-645;43
944;673;-430;-750;-545;22;81;129;-641;29
961;691;-417;-748;-551;22;77;137;-636;15
977;709;-403;-746;-557;22;72;145;-631;2
993;727;-389;-743;-562;23;67;152;-625;-12
1008;744;-374;-740;-568;23;62;160;-620;-26
1023;761;-360;-737;-573;23;57;167;-614;-41
1038;777;-345;-734;-578;23;52;175;-608;-55
1052;794;-331;-731;-583;23;47;182;-601;-69
1065;810;-316;-727;-588;23;42;189;-595;-83
1078;826;-301;-723;-592;22;37;196;-588;-98
1091;841;-286;-719;-597;22;32;203;-580;-112
1103;856;-271;-714;-601;22;27;210;-573;-127
1115;871;-255;-709;-606;22;21;216;-565;-141
1126;885;-240;-704;-610;22;16;222;-557;-156
1137;899;-224;-699;-613;22;10;229;-549;-170
1147;912;-209;-693;-617;21;5;235;-541;-185
1157;925;-193;-688;-621;21;-1;241;-532;-200
1166;938;-177;-682;-624;21;-6;246;-523;-214
1174;951;-161;-675;-627;21;-12;252;-514;-229
1183;962;-145;-669;-630;20;-17;257;-505;-244
1190;974;-129;-662;-633;20;-23;263;-495;-259
1197;985;-113;-655;-636;19;-29;268;-486;-273
1204;996;-97;-648;-638;19;-34;272;-476;-288
1210;1006;-80;-641;-641;18;-40;277;-466;-303
1215;1016;-64;-633;-643;18;-46;282;-455;-317
1220;1025;-48;-625;-645;17;-51;286;-445;-332
1224;1034;-31;-617;-646;16;-57;290;-434;-346
1228;1042;-15;-609;-648;16;-63;294;-423;-361
1231;1050;2;-600;-649;15;-69;298;-412;-375
1234;1058;18;-591;-650;14;-74;301;-400;-390
1236;1065;35;-582;-652;13;-80;304;-389;-404
1237;1072;51;-573;-652;12;-86;308;-377;-418
1238;1078;68;-563;-653;12;-91;310;-365;-432
1238;1083;84;-554;-653;11;-97;313;-354;-446
1238;1088;101;-544;-654;10;-103;316;-341;-460
1237;1093;117;-534;-654;8;-108;318;-329;-474
1236;1097;133;-523;-654;7;-114;320;-317;-488
1234;1100;150;-513;-653;6;-119;322;-304;-502
1231;1103;166;-502;-653;5;-125;324;-291;-515
1228;1106;182;-491;-652;4;-130;325;-279;-528
1224;1108;199;-480;-651;2;-136;326;-266;-542
1219;1109;215;-469;-650;1;-141;327;-253;-555
1214;1110;231;-458;-649;-1;-146;328;-239;-568
1209;1111;247;-446;-647;-2;-152;329;-226;-581
1203;1111;263;-434;-646;-4;-157;329;-213;-593
1196;1110;279;-422;-644;-5;-162;329;-199;-606
1189;1109;294;-410;-642;-7;-167;329;-186;-618
1181;1107;310;-398;-639;-9;-172;329;-172;-630
1172;1105;325;-386;-637;-10;-177;328;-158;-642
1163;1103;341;-373;-634;-12;-182;327;-145;-654
1153;1099;356;-360;-632;-14;-187;326;-131;-665
1143;1096;371;-347;-628;-16;-192;325;-117;-676
1132;1091;386;-334;-625;-18;-197;324;-103;-688
1121;1086;401;-321;-622;-20;-201;322;-89;-698
1109;1081;416;-308;-618;-23;-206;320;-75;-709
1096;1075;430;-294;-614;-25;-210;318;-61;-719
1083;1069;445;-281;-610;-27;-215;316;-47;-730
1069;1062;459;-267;-606;-29;-219;313;-33;-740
1055;1054;473;-254;-602;-32;-223;311;-19;-749
1040;1046;487;-240;-597;-34;-227;308;-5;-759
1025;1037;500;-226;-593;-37;-231;304;9;-768
1009;1028;514;-212;-588;-40;-235;301;23;-777
993;1019;527;-197;-583;-42;-239;297;37;-786
976;1008;540;-183;-577;-45;-242;294;51;-794
959;998;553;-169;-572;-48;-246;290;65;-802
941;987;566;-154;-566;-51;-249;285;79;-810
922;975;578;-140;-560;-54;-253;281;93;-818
903;963;590;-125;-554;-57;-256;276;107;-825
884;950;602;-111;-548;-60;-259;272;121;-832
864;937;614;-96;-542;-63;-262;267;134;-839
844;923;625;-81;-535;-66;-265;261;148;-845
823;909;636;-67;-529;-69;-268;256;161;-851
802;894;647;-52;-522;-73;-271;250;175;-857
780;879;658;-37;-515;-76;-273;245;188;-862
758;863;668;-22;-507;-80;-276;239;201;-868
735;847;678;-7;-500;-83;-278;232;215;-872
712;830;688;8;-493;-87;-280;226;228;-877
688;813;698;23;-485;-90;-282;220;240;-881
664;796;707;38;-477;-94;-284;213;253;-885
640;778;716;52;-469;-98;-286;206;266;-888
615;759;725;67;-461;-102;-287;199;278;-892
590;740;733;82;-452;-106;-289;192;291;-895
565;721;741;97;-444;-110;-290;184;303;-897
539;701;749;112;-435;-114;-291;177;315;-899
513;681;756;127;-427;-118;-292;169;327;-901
486;661;764;142;-418;-122;-293;162;338;-902
460;640;770;156;-409;-126;-294;154;350;-904
432;618;777;171;-400;-130;-295;145;361;-904
405;597;783;186;-390;-135;-296;137;372;-905
377;574;789;200;-381;-139;-296;129;383;-905
349;552;794;215;-371;-144;-296;120;394;-905
321;529;799;229;-362;-148;-296;112;405;-904
292;506;804;244;-352;-152;-296;103;415;-903
263;482;808;258;-342;-157;-296;94;425;-902
234;459;813;272;-332;-162;-296;85;435;-900
205;434;816;286;-322;-166;-296;76;444;-898
176;410;820;300;-311;-171;-295;67;454;-895
146;385;823;314;-301;-176;-294;58;463;-893
116;360;825;328;-290;-181;-294;48;472;-890
86;335;828;341;-280;-185;-293;39;480;-886
56;309;829;355;-269;-190;-291;30;489;-882
26;283;831;368;-258;-195;-290;20;497;-878
-5;257;832;382;-248;-200;-289;10;505;-873
-35;230;833;395;-237;-205;-287;1;512;-868
-66;204;833;408;-226;-210;-286;-9;520;-863
-97;177;833;420;-214;-215;-284;-19;527;-858
-128;150;833;433;-203;-220;-282;-29;534;-852
-159;123;832;446;-192;-225;-280;-39;540;-845
-190;95;831;458;-181;-230;-278;-49;546;-839
-221;68;830;470;-169;-235;-276;-59;552;-831
-252;40;828;482;-158;-241;-273;-69;558;-824
-283;12;826;494;-146;-246;-271;-79;563;-816
-314;-16;823;505;-135;-251;-268;-89;568;-808
-345;-44;820;517;-123;-256;-265;-99;573;-800
-376;-73;817;528;-111;-261;-263;-109;577;-791
-407;-101;813;539;-100;-267;-260;-120;581;-782
-438;-129;809;550;-88;-272;-257;-130;585;-773
-469;-158;805;560;-76;-277;-253;-140;588;-763
-499;-187;800;571;-64;-282;-250;-150;591;-753
-530;-215;795;581;-52;-287;-247;-160;594;-742
-560;-244;789;590;-41;-293;-243;-170;596;-732
-591;-273;783;600;-29;-298;-239;-180;599;-721
-621;-302;777;609;-17;-303;-236;-190;600;-709
-651;-330;770;619;-5;-308;-232;-200;602;-698
-681;-359;763;627;7;-313;-228;-210;603;-686
-711;-388;755;636;19;-319;-224;-220;604;-674
-740;-416;748;644;31;-324;-220;-230;604;-661
-770;-445;739;653;43;-329;-216;-239;604;-648
-799;-474;731;660;55;-334;-211;-249;604;-635
-828;-502;722;668;67;-339;-207;-259;603;-622
-856;-530;713;675;79;-344;-202;-268;602;-608
-885;-559;703;682;91;-349;-198;-278;601;-594
-913;-587;693;689;103;-354;-193;-287;599;-580
-940;-615;683;695;114;-359;-189;-296;598;-566
-968;-643;672;702;126;-364;-184;-305;595;-551
-995;-671;661;707;138;-369;-179;-314;593;-536
-1022;-698;650;713;150;-374;-174;-323;590;-521
-1048;-726;638;718;161;-378;-169;-332;586;-505
-1074;-753;626;723;173;-383;-164;-341;583;-490
-1100;-780;614;728;184;-388;-159;-349;579;-474
-1126;-807;601;732;196;-392;-154;-358;574;-458
-1151;-833;588;736;207;-397;-149;-366;570;-442
-1175;-859;575;740;219;-401;-144;-374;565;-425
-1199;-885;561;743;230;-406;-139;-382;559;-408
-1223;-911;547;746;241;-410;-134;-390;554;-392
-1246;-937;533;749;253;-414;-128;-398;548;-375
-1269;-962;519;751;264;-419;-123;-406;541;-357
-1292;-987;504;753;275;-423;-118;-413;535;-340
-1313;-1011;489;755;285;-427;-112;-420;528;-322
-1335;-1036;474;756;296;-431;-107;-427;520;-305
-1356;-1060;458;757;307;-435;-102;-434;513;-287
-1376;-1083;442;758;318;-438;-96;-441;505;-269
-1396;-1106;426;759;328;-442;-91;-448;496;-251
-1415;-1129;410;759;338;-446;-85;-454;488;-233
-1434;-1152;393;758;349;-449;-80;-460;479;-214
-1453;-1174;376;758;359;-453;-75;-466;470;-196
-1470;-1195;359;757;369;-456;-69;-472;460;-177
-1487;-1217;342;755;379;-459;-64;-478;451;-159
-1504;-1238;324;754;389;-462;-59;-483;441;-140
-1520;-1258;306;752;398;-465;-53;-488;430;-121
-1535;-1278;288;749;408;-468;-48;-493;420;-102
-1550;-1297;270;747;417;-471;-43;-498;409;-84
-1565;-1316;252;744;426;-473;-37;-503;398;-65
-1578;-1335;233;740;435;-476;-32;-507;386;-46
-1591;-1353;214;737;444;-478;-27;-511;374;-27
-1603;-1370;195;733;453;-480;-22;-515;362;-8
-1615;-1387;176;728;462;-483;-17;-519;350;12
-1626;-1404;157;723;470;-485;-12;-522;338;31
-1637;-1420;137;718;478;-486;-7;-525;325;50
-1646;-1435;118;713;486;-488;-2;-528;312;69
-1656;-1450;98;707;494;-490;3;-531;299;88
-1664;-1464;78;701;502;-491;8;-534;286;107
-1672;-1478;58;694;509;-492;13;-536;272;126
-1679;-1491;38;688;517;-493;17;-538;258;145
-1685;-1504;18;680;524;-494;22;-540;244;163
-1691;-1516;-2;673;531;-495;26;-541;230;182
-1696;-1528;-23;665;538;-496;31;-542;215;201
-1701;-1538;-43;657;544;-496;35;-544;201;220
-1704;-1549;-64;648;551;-497;40;-544;186;238
-1707;-1558;-84;640;557;-497;44;-545;171;257
-1709;-1567;-105;631;563;-497;48;-545;156;275
-1711;-1576;-126;621;569;-497;52;-545;141;293
-1712;-1584;-146;611;574;-497;56;-545;125;311
-1712;-1591;-167;601;580;-496;60;-545;109;329
-1711;-1597;-188;591;585;-496;63;-544;94;347
-1710;-1603;-209;580;590;-495;67;-543;78;365
-1708;-1609;-230;569;594;-494;70;-542;62;382
-1706;-1613;-250;558;599;-493;74;-540;46;400
-1702;-1617;-271;546;603;-491;77;-539;30;417
-1698;-1621;-292;534;607;-490;80;-537;13;434
-1693;-1623;-313;522;611;-488;83;-535;-3;451
-1688;-1625;-333;510;614;-486;86;-532;-20;467
-1682;-1627;-354;497;618;-484;89;-530;-36;484
-1675;-1627;-375;484;621;-482;91;-527;-53;500
-1667;-1627;-395;470;624;-480;94;-524;-70;516
-1659;-1627;-416;457;626;-477;96;-520;-87;532
-1650;-1625;-436;443;629;-475;98;-517;-103;547
-1640;-1623;-456;429;631;-472;101;-513;-120;563
-1629;-1621;-477;414;632;-469;102;-509;-137;578
-1618;-1617;-497;400;634;-465;104;-504;-154;592
-1606;-1613;-517;385;635;-462;106;-500;-171;607
-1594;-1609;-537;370;637;-458;107;-495;-188;621
-1581;-1603;-556;354;637;-454;109;-490;-205;635
-1567;-1597;-576;339;638;-450;110;-484;-222;649
-1552;-1591;-595;323;638;-446;111;-479;-239;662
-1537;-1583;-615;307;638;-442;112;-473;-256;675
-1521;-1575;-634;291;638;-437;113;-467;-272;688
-1505;-1566;-653;274;638;-432;113;-461;-289;700
-1488;-1557;-672;258;637;-427;114;-455;-306;712
-1470;-1547;-690;241;636;-422;114;-448;-323;724
-1452;-1536;-709;224;635;-417;114;-441;-339;736
-1433;-1525;-727;206;633;-411;114;-434;-356;747
-1413;-1513;-745;189;632;-406;114;-427;-372;758
-1393;-1500;-762;171;630;-400;114;-420;-389;768
-1372;-1487;-780;154;627;-394;113;-412;-405;778
-1350;-1473;-797;136;625;-388;113;-404;-421;788
-1328;-1459;-814;118;622;-381;112;-396;-437;797
-1306;-1444;-831;100;619;-375;111;-388;-453;806
-1283;-1428;-847;81;616;-368;110;-380;-469;814
-1259;-1411;-864;63;612;-361;108;-371;-485;823
-1234;-1394;-880;44;608;-354;107;-363;-500;830
-1210;-1377;-895;25;604;-347;105;-354;-516;838
-1184;-1359;-911;7;600;-339;104;-345;-531;845
-1158;-1340;-926;-12;595;-331;102;-336;-546;851
-1132;-1320;-940;-31;590;-324;100;-326;-561;858
-1105;-1300;-955;-50;585;-316;97;-317;-575;863
-1078;-1280;-969;-70;580;-308;95;-307;-590;869
-1050;-1259;-983;-89;574;-299;92;-298;-604;874
-1022;-1237;-996;-108;568;-291;90;-288;-618;878
-993;-1215;-1009;-128;562;-282;87;-278;-632;882
-964;-1192;-1022;-147;556;-274;84;-268;-645;886
-934;-1169;-1035;-166;549;-265;80;-258;-659;889
-904;-1145;-1047;-186;542;-256;77;-247;-672;892
-874;-1121;-1058;-205;535;-246;73;-237;-685;894
-843;-1096;-1070;-225;528;-237;70;-226;-697;896
-812;-1070;-1081;-244;520;-228;66;-216;-710;898
-780;-1045;-1091;-264;512;-218;62;-205;-722;899
-748;-1018;-1102;-283;504;-208;58;-194;-734;900
-716;-992;-1111;-303;495;-198;54;-183;-745;900
-683;-964;-1121;-322;487;-188;49;-172;-757;900
-650;-937;-1130;-342;478;-178;45;-161;-768;899
-617;-909;-1138;-361;469;-168;40;-150;-778;898
-584;-880;-1147;-381;460;-157;35;-139;-789;896
-550;-851;-1154;-400;450;-147;30;-128;-799;894
-516;-822;-1162;-419;440;-136;25;-117;-808;892
-482;-793;-1169;-438;430;-126;20;-105;-818;889
-448;-763;-1175;-457;420;-115;14;-94;-827;885
-413;-732;-1181;-476;409;-104;9;-83;-836;881
-378;-701;-1187;-495;399;-93;3;-71;-844;877
-343;-670;-1192;-514;388;-82;-2;-60;-852;872
-308;-639;-1197;-533;377;-71;-8;-49;-860;867
-273;-607;-1201;-551;365;-59;-14;-37;-867;862
-237;-575;-1205;-570;354;-48;-20;-26;-875;855
-202;-543;-1209;-588;342;-37;-26;-15;-881;849
-166;-511;-1212;-606;330;-25;-33;-4;-888;842
-131;-478;-1214;-624;318;-14;-39;8;-894;835
-95;-445;-1216;-642;306;-2;-46;19;-899;827
-59;-412;-1218;-660;293;10;-52;30;-904;819
-23;-378;-1219;-677;281;21;-59;41;-909;810
13;-345;-1220;-695;268;33;-66;52;-914;801
48;-311;-1220;-712;255;45;-72;63;-918;791
84;-277;-1220;-729;242;57;-79;74;-921;781
120;-243;-1219;-745;228;69;-86;85;-925;771
156;-209;-1218;-762;215;81;-93;96;-928;760
192;-175;-1216;-778;201;93;-101;107;-930;749
227;-140;-1214;-794;187;105;-108;118;-932;738
263;-106;-1212;-810;173;117;-115;128;-934;726
298;-71;-1209;-825;159;129;-122;139;-935;713
334;-36;-1205;-841;145;141;-130;149;-936;701
369;-2;-1201;-856;131;152;-137;159;-937;687
404;33;-1197;-871;116;164;-145;169;-937;674
438;68;-1192;-885;101;176;-152;179;-937;660
473;103;-1187;-899;87;188;-160;189;-936;646
508;137;-1181;-913;72;200;-167;199;-935;631
542;172;-1174;-927;57;212;-175;209;-933;616
576;207;-1168;-940;42;224;-182;218;-931;601
609;241;-1161;-953;26;236;-190;228;-929;585
643;276;-1153;-966;11;247;-198;237;-926;569
676;310;-1145;-978;-4;259;-205;246;-923;553
709;345;-1136;-990;-20;271;-213;254;-920;536
742;379;-1127;-1002;-35;282;-221;263;-916;519
774;413;-1118;-1014;-51;294;-228;272;-911;502
806;447;-1108;-1025;-67;305;-236;280;-907;484
837;480;-1098;-1035;-83;317;-244;288;-902;466
869;514;-1087;-1046;-99;328;-251;296;-896;448
899;547;-1076;-1056;-114;339;-259;304;-890;429
930;580;-1064;-1065;-130;350;-266;311;-884;410
960;613;-1052;-1075;-146;361;-274;318;-877;391
989;646;-1040;-1084;-163;372;-281;326;-870;372
1018;678;-1027;-1092;-179;383;-289;332;-862;352
1047;710;-1014;-1100;-195;393;-296;339;-854;333
1075;742;-1000;-1108;-211;404;-304;346;-846;312
1103;774;-986;-1115;-227;414;-311;352;-837;292
1130;805;-971;-1122;-243;424;-318;358;-828;272
1157;836;-956;-1129;-259;434;-325;363;-819;251
1183;866;-941;-1135;-275;444;-332;369;-809;230
1209;897;-926;-1141;-292;454;-339;374;-799;209
1234;926;-909;-1146;-308;464;-346;379;-788;187
1259;956;-893;-1151;-324;473;-353;384;-778;166
1283;985;-876;-1155;-340;482;-360;388;-766;144
1306;1013;-859;-1159;-356;491;-367;393;-755;123
1329;1042;-842;-1163;-372;500;-373;397;-743;101
1351;1069;-824;-1166;-388;509;-380;400;-731;78
1373;1097;-806;-1169;-404;518;-386;404;-718;56
1394;1123;-787;-1171;-420;526;-392;407;-705;34
1415;1150;-769;-1173;-436;534;-398;410;-692;11
1434;1176;-749;-1175;-452;542;-404;413;-678;-11
1454;1201;-730;-1176;-467;550;-410;415;-664;-34
1472;1226;-710;-1176;-483;557;-416;417;-650;-57
1490;1250;-690;-1176;-498;565;-422;419;-636;-79
1507;1274;-670;-1176;-514;572;-427;420;-621;-102
1524;1297;-649;-1175;-529;579;-432;422;-606;-125
1540;1320;-629;-1174;-544;585;-438;423;-590;-148
1555;1342;-608;-1172;-560;592;-443;423;-575;-171
1569;1363;-586;-1170;-575;598;-448;424;-559;-194
1583;1384;-565;-1168;-589;604;-452;424;-543;-217
1596;1405;-543;-1165;-604;609;-457;424;-526;-240
1608;1424;-521;-1161;-619;615;-461;423;-509;-263
1620;1443;-498;-1157;-633;620;-465;423;-492;-286
1630;1462;-476;-1153;-648;625;-470;422;-475;-309
1640;1480;-453;-1148;-662;629;-473;420;-458;-332
1650;1497;-430;-1143;-676;633;-477;419;-440;-355
1658;1513;-407;-1137;-690;638;-481;417;-423;-377
1666;1529;-384;-1131;-704;641;-484;414;-405;-400
1673;1544;-361;-1124;-717;645;-487;412;-386;-423
1679;1559;-337;-1117;-731;648;-490;409;-368;-445
1685;1573;-313;-1110;-744;651;-493;406;-349;-468
1690;1586;-289;-1102;-757;653;-496;403;-331;-490
1694;1598;-265;-1094;-770;656;-498;399;-312;-512
1697;1610;-241;-1085;-782;658;-500;395;-293;-534
1699;1621;-217;-1076;-795;659;-502;391;-274;-556
1701;1631;-193;-1066;-807;661;-504;387;-254;-578
1702;1641;-169;-1056;-819;662;-505;382;-235;-599
1702;1650;-144;-1045;-831;663;-507;377;-215;-621
1701;1658;-120;-1034;-842;663;-508;372;-196;-642
1700;1665;-95;-1023;-854;663;-509;366;-176;-663
1698;1672;-70;-1011;-865;663;-509;360;-156;-684
1695;1677;-46;-999;-876;663;-510;354;-136;-704
1691;1683;-21;-986;-886;662;-510;348;-116;-725
1686;1687;4;-973;-897;661;-510;341;-96;-745
1681;1691;28;-960;-907;659;-510;334;-76;-765
1675;1693;53;-946;-916;657;-510;327;-56;-784
1668;1696;78;-932;-926;655;-509;319;-36;-804
1660;1697;102;-918;-935;653;-508;312;-16;-823
1652;1697;127;-903;-944;650;-507;304;5;-841
1643;1697;152;-887;-953;647;-506;296;25;-860
1633;1696;176;-872;-962;644;-504;287;45;-878
1622;1695;201;-856;-970;640;-502;278;65;-896
1611;1692;225;-839;-978;636;-500;269;85;-914
1599;1689;249;-823;-985;631;-498;260;106;-931
1586;1685;273;-805;-993;627;-495;251;126;-948
1572;1680;297;-788;-1000;622;-493;241;146;-964
1558;1674;321;-770;-1007;616;-490;232;166;-981
1543;1668;345;-752;-1013;610;-486;222;186;-997
1527;1661;369;-734;-1019;604;-483;211;205;-1012
1510;1653;392;-715;-1025;598;-479;201;225;-1027
1493;1645;416;-696;-1030;591;-475;190;245;-1042
1475;1635;439;-677;-1036;584;-471;179;264;-1056
1456;1625;462;-657;-1040;577;-467;168;284;-1070
1437;1615;485;-637;-1045;569;-462;157;303;-1084
1417;1603;507;-617;-1049;561;-457;146;322;-1097
1396;1591;530;-596;-1053;553;-452;134;341;-1110
1375;1578;552;-576;-1056;544;-447;123;360;-1122
1353;1564;574;-555;-1060;535;-441;111;378;-1134
1330;1549;596;-534;-1062;526;-436;99;397;-1146
1307;1534;617;-512;-1065;516;-430;87;415;-1157
1283;1518;638;-490;-1067;506;-423;74;433;-1167
1259;1502;659;-468;-1069;496;-417;62;451;-1177
1234;1484;680;-446;-1070;485;-410;49;469;-1187
1208;1466;700;-424;-1071;474;-403;36;486;-1196
1182;1448;720;-402;-1072;463;-396;24;503;-1205
1155;1428;740;-379;-1073;452;-389;11;520;-1213
1128;1408;760;-356;-1073;440;-382;-2;537;-1221
1100;1388;779;-333;-1072;428;-374;-16;554;-1228
1071;1366;798;-310;-1072;415;-366;-29;570;-1235
1042;1345;816;-286;-1071;403;-358;-42;586;-1242
1013;1322;834;-263;-1069;390;-350;-56;601;-1248
983;1299;852;-239;-1068;377;-341;-69;617;-1253
953;1275;869;-216;-1066;363;-332;-83;632;-1258
922;1250;886;-192;-1063;349;-324;-96;647;-1262
890;1225;903;-168;-1060;335;-315;-110;661;-1266
859;1200;919;-144;-1057;321;-305;-124;675;-1269
826;1174;935;-120;-1054;306;-296;-137;689;-1272
794;1147;951;-95;-1050;292;-286;-151;703;-1274
761;1120;966;-71;-1046;277;-277;-165;716;-1276
727;1092;980;-47;-1041;261;-267;-179;728;-1277
694;1063;995;-22;-1036;246;-257;-193;741;-1278
660;1034;1008;2;-1031;230;-246;-207;753;-1278
625;1005;1022;26;-1025;214;-236;-220;765;-1278
590;975;1035;51;-1019;198;-225;-234;776;-1277
555;945;1047;75;-1013;181;-215;-248;787;-1276
520;914;1059;100;-1006;165;-204;-262;798;-1274
484;883;1071;124;-999;148;-193;-276;808;-1272
448;851;1082;148;-991;131;-182;-289;818;-1269
412;819;1092;173;-983;114;-171;-303;827;-1266
376;786;1102;197;-975;96;-159;-317;836;-1262
339;753;1112;221;-967;79;-148;-330;845;-1257
302;720;1121;245;-958;61;-136;-344;853;-1252
265;686;1130;269;-949;43;-125;-357;861;-1247
228;652;1138;293;-939;25;-113;-370;868;-1241
191;618;1146;317;-929;7;-101;-384;875;-1234
153;583;1153;341;-919;-11;-89;-397;881;-1227
116;548;1159;365;-909;-30;-77;-410;887;-1220
78;513;1166;388;-898;-49;-65;-423;893;-1212
41;477;1171;411;-887;-67;-53;-436;898;-1203
3;441;1176;435;-875;-86;-41;-448;903;-1194
-35;405;1181;458;-863;-105;-28;-461;907;-1184
-73;369;1185;481;-851;-124;-16;-473;911;-1174
-111;332;1188;503;-839;-143;-4;-485;914;-1164
-149;295;1191;526;-826;-163;9;-498;917;-1153
-187;259;1194;548;-813;-182;21;-510;919;-1141
-225;221;1196;570;-799;-201;34;-521;921;-1129
-262;184;1197;592;-786;-221;46;-533;922;-1117
-300;147;1198;614;-772;-240;59;-544;923;-1104
-338;109;1198;635;-758;-260;71;-556;924;-1090
-375;71;1198;656;-743;-279;84;-567;924;-1076
-413;34;1197;677;-728;-299;96;-578;924;-1062
-450;-4;1196;698;-713;-318;109;-588;923;-1047
-487;-42;1194;718;-698;-338;122;-599;921;-1032
-524;-80;1192;738;-682;-358;134;-609;919;-1016
-561;-118;1189;758;-666;-377;146;-619;917;-1000
-598;-156;1185;777;-650;-397;159;-629;914;-983
-634;-194;1181;796;-633;-416;171;-638;911;-966
-670;-232;1177;815;-617;-436;184;-648;907;-949
-706;-270;1172;833;-600;-455;196;-657;903;-931
-742;-307;1166;852;-583;-475;208;-666;898;-913
-777;-345;1160;869;-565;-494;220;-674;893;-894
-813;-383;1153;887;-548;-514;232;-682;888;-876
-847;-420;1146;904;-530;-533;244;-691;882;-856
-882;-458;1138;920;-512;-552;256;-698;875;-836
-916;-495;1130;937;-494;-571;268;-706;868;-816
-950;-532;1121;953;-475;-590;280;-713;861;-796
-983;-569;1112;968;-457;-609;292;-720;853;-775
-1016;-606;1102;983;-438;-628;303;-727;844;-754
-1049;-642;1091;998;-419;-646;315;-733;835;-733
-1081;-679;1080;1012;-399;-665;326;-739;826;-711
-1113;-715;1069;1026;-380;-683;337;-745;816;-689
-1144;-751;1057;1039;-361;-701;348;-750;806;-666
-1175;-786;1045;1052;-341;-719;359;-755;796;-644
-1205;-822;1032;1065;-321;-737;370;-760;785;-621
-1235;-857;1018;1077;-301;-755;380;-765;773;-598
-1265;-891;1004;1089;-281;-772;391;-769;761;-574
-1294;-926;990;1100;-261;-790;401;-773;749;-550
-1322;-960;975;1110;-241;-807;411;-776;736;-526
-1350;-993;960;1121;-220;-824;421;-780;723;-502
-1377;-1026;944;1130;-200;-840;431;-783;710;-478
-1404;-1059;928;1140;-179;-857;440;-785;696;-453
-1430;-1092;911;1148;-158;-873;449;-787;681;-428
-1456;-1124;894;1157;-137;-889;459;-789;666;-403
-1481;-1155;876;1164;-116;-905;467;-791;651;-378
-1505;-1186;858;1172;-95;-920;476;-792;636;-353
-1529;-1217;840;1178;-74;-935;485;-793;620;-327
-1552;-1247;821;1184;-53;-950;493;-793;604;-301
-1575;-1277;801;1190;-32;-965;501;-794;587;-275
-1597;-1306;782;1195;-11;-979;509;-794;570;-250
-1618;-1335;762;1200;10;-993;516;-793;553;-223
-1638;-1363;741;1204;31;-1007;524;-792;535;-197
-1658;-1391;720;1208;53;-1020;531;-791;517;-171
-1677;-1418;699;1211;74;-1033;537;-789;499;-145
-1696;-1444;677;1213;95;-1046;544;-788;481;-118
-1714;-1470;655;1215;116;-1059;550;-785;462;-92
-1731;-1496;633;1217;137;-1071;556;-783;442;-65
-1747;-1520;610;1218;159;-1083;562;-780;423;-39
-1763;-1544;587;1218;180;-1094;568;-776;403;-12
-1778;-1568;564;1218;201;-1105;573;-773;383;14
-1792;-1591;541;1217;222;-1116;578;-769;363;41
-1805;-1613;517;1216;243;-1126;582;-764;342;68
-1818;-1635;492;1214;264;-1136;587;-760;321;94
-1830;-1655;468;1212;285;-1145;591;-755;300;121
-1841;-1676;443;1209;305;-1154;594;-749;279;147
-1852;-1695;418;1205;326;-1163;598;-744;258;174
-1861;-1714;393;1201;347;-1171;601;-738;236;200
-1870;-1732;367;1197;367;-1179;604;-731;214;226
-1878;-1750;341;1192;387;-1187;606;-724;192;252
-1885;-1766;315;1186;408;-1194;609;-717;170;278
-1892;-1782;289;1180;428;-1201;610;-710;147;304
-1898;-1798;263;1173;448;-1207;612;-702;125;330
-1903;-1812;236;1166;467;-1213;613;-694;102;356
-1907;-1826;209;1158;487;-1218;614;-686;79;381
-1910;-1839;182;1150;507;-1223;615;-677;56;407
-1913;-1851;155;1141;526;-1228;615;-668;33;432
-1914;-1863;128;1132;545;-1232;615;-659;10;457
-1915;-1874;101;1122;564;-1235;615;-649;-14;482
-1915;-1884;73;1111;583;-1238;614;-639;-37;506
-1915;-1893;46;1100;601;-1241;613;-629;-61;531
-1913;-1901;18;1089;620;-1243;611;-618;-84;555
-1911;-1909;-10;1077;638;-1245;610;-608;-108;579
-1908;-1916;-38;1064;656;-1246;608;-596;-132;603
-1904;-1922;-66;1051;673;-1247;605;-585;-155;626
-1899;-1927;-94;1037;691;-1247;602;-573;-179;649
-1894;-1932;-122;1023;708;-1247;599;-561;-203;672
-1887;-1935;-150;1009;725;-1247;596;-549;-227;695
-1880;-1938;-178;994;741;-1246;592;-537;-251;717
-1873;-1940;-206;978;758;-1244;588;-524;-274;739
-1864;-1941;-234;962;774;-1242;584;-511;-298;760
-1854;-1942;-263;946;790;-1239;579;-498;-322;782
-1844;-1942;-291;929;805;-1236;574;-484;-345;803
-1833;-1940;-319;912;820;-1233;568;-470;-369;823
-1822;-1938;-347;894;835;-1229;563;-456;-393;844
-1809;-1936;-375;875;850;-1224;557;-442;-416;863
-1796;-1932;-402;857;864;-1220;550;-428;-439;883
-1782;-1928;-430;838;878;-1214;543;-413;-463;902
-1767;-1922;-458;818;892;-1208;536;-398;-486;921
-1751;-1916;-485;798;905;-1202;529;-383;-509;939
-1735;-1910;-513;778;918;-1195;521;-368;-532;957
-1718;-1902;-540;757;931;-1188;513;-353;-555;974
-1701;-1894;-567;735;943;-1180;505;-337;-577;991
-1682;-1884;-594;714;955;-1171;496;-321;-600;1008
-1663;-1874;-621;692;967;-1163;487;-305;-622;1024
-1643;-1864;-648;669;978;-1153;478;-289;-644;1040
-1623;-1852;-674;647;989;-1144;468;-273;-666;1055
-1601;-1840;-700;624;999;-1133;458;-257;-687;1070
-1580;-1827;-726;600;1009;-1123;448;-240;-709;1084
-1557;-1813;-752;576;1019;-1112;437;-224;-730;1098
-1534;-1798;-778;552;1028;-1100;426;-207;-751;1111
-1510;-1783;-803;528;1037;-1088;415;-190;-772;1124
-1486;-1767;-828;503;1046;-1075;404;-173;-792;1137
-1461;-1750;-853;478;1054;-1062;392;-156;-813;1148
-1435;-1732;-877;453;1061;-1049;380;-139;-833;1160
-1409;-1714;-902;427;1069;-1035;368;-121;-852;1170
-1382;-1695;-925;401;1075;-1021;355;-104;-872;1181
-1354;-1675;-949;375;1082;-1006;342;-87;-891;1190
-1326;-1655;-972;349;1088;-991;329;-69;-909;1200
-1298;-1634;-995;322;1093;-975;316;-52;-928;1208
-1269;-1612;-1018;295;1099;-959;302;-34;-946;1216
-1239;-1589;-1040;268;1103;-943;288;-17;-964;1224
-1209;-1566;-1062;241;1108;-926;274;1;-981;1231
-1178;-1542;-1084;213;1111;-908;260;19;-998;1237
-1147;-1518;-1105;186;1115;-891;245;36;-1015;1243
-1116;-1493;-1125;158;1118;-873;231;54;-1031;1249
-1084;-1467;-1146;130;1120;-854;216;71;-1047;1253
-1051;-1441;-1166;102;1122;-835;200;89;-1063;1258
-1018;-1414;-1185;74;1124;-816;185;107;-1078;1261
-985;-1386;-1204;45;1125;-797;169;124;-1093;1264
-951;-1358;-1223;17;1125;-777;153;142;-1107;1267
-917;-1329;-1241;-12;1126;-756;137;159;-1121;1269
-882;-1300;-1259;-41;1125;-736;121;176;-1135;1270
-847;-1270;-1276;-70;1125;-715;105;194;-1148;1271
-812;-1240;-1293;-98;1123;-694;88;211;-1161;1271
-776;-1209;-1310;-127;1122;-672;72;228;-1173;1271
-741;-1178;-1325;-156;1120;-650;55;245;-1185;1270
-704;-1146;-1341;-185;1117;-628;38;262;-1196;1268
-668;-1114;-1356;-214;1114;-605;21;279;-1207;1266
-631;-1081;-1370;-244;1111;-582;3;296;-1217;1263
-594;-1048;-1384;-273;1107;-559;-14;312;-1227;1260
-557;-1014;-1397;-302;1102;-536;-32;329;-1237;1256
-519;-980;-1410;-331;1097;-512;-49;345;-1246;1251
-482;-945;-1422;-360;1092;-488;-67;361;-1254;1246
-444;-911;-1434;-389;1086;-464;-85;377;-1262;1241
-406;-875;-1445;-417;1080;-440;-103;393;-1270;1235
-367;-840;-1456;-446;1073;-415;-121;409;-1277;1228
-329;-804;-1466;-475;1066;-390;-139;424;-1283;1220
-291;-767;-1476;-503;1058;-365;-157;440;-1290;1212
-252;-731;-1485;-532;1050;-340;-175;455;-1295;1204
-213;-694;-1493;-560;1042;-314;-193;470;-1300;1195
-175;-656;-1501;-589;1033;-289;-212;484;-1305;1185
-136;-619;-1509;-617;1023;-263;-230;499;-1309;1175
-97;-581;-1515;-645;1013;-237;-248;513;-1312;1164
-58;-543;-1521;-672;1003;-211;-267;527;-1315;1153
-19;-505;-1527;-700;992;-185;-285;541;-1317;1141
20;-467;-1532;-727;981;-158;-303;554;-1319;1129
59;-428;-1536;-755;970;-132;-322;567;-1321;1116
97;-389;-1540;-781;958;-105;-340;580;-1321;1103
136;-350;-1543;-808;945;-78;-358;593;-1322;1089
175;-311;-1546;-835;932;-52;-377;605;-1321;1074
213;-272;-1548;-861;919;-25;-395;618;-1321;1059
252;-233;-1549;-887;905;2;-413;629;-1319;1044
290;-193;-1550;-913;891;29;-431;641;-1318;1028
328;-154;-1550;-938;876;56;-449;652;-1315;1011
366;-114;-1550;-963;862;83;-467;663;-1312;994
404;-75;-1549;-988;846;110;-485;674;-1309;977
442;-35;-1547;-1013;830;137;-503;684;-1305;959
479;4;-1545;-1037;814;164;-520;694;-1300;940
517;44;-1542;-1061;798;191;-538;704;-1295;921
554;84;-1539;-1084;781;218;-555;713;-1290;902
590;123;-1535;-1107;764;245;-573;722;-1284;882
627;163;-1530;-1130;746;272;-590;731;-1277;862
663;202;-1525;-1152;728;299;-607;739;-1270;841
699;241;-1519;-1174;710;325;-624;747;-1262;820
735;280;-1513;-1196;691;352;-641;754;-1254;799
770;319;-1506;-1217;672;379;-657;762;-1246;777
805;358;-1499;-1238;653;405;-673;768;-1236;755
839;397;-1490;-1258;633;431;-690;775;-1227;732
873;435;-1482;-1278;613;458;-706;781;-1217;709
907;474;-1472;-1298;593;484;-721;787;-1206;685
940;512;-1462;-1317;573;510;-737;792;-1195;661
973;550;-1452;-1335;552;535;-752;797;-1183;637
1006;587;-1441;-1353;530;561;-768;801;-1171;613
1038;625;-1429;-1371;509;586;-782;805;-1158;588
1070;662;-1417;-1388;487;611;-797;809;-1145;563
1101;699;-1404;-1405;465;636;-812;812;-1132;537
1131;735;-1391;-1421;443;661;-826;815;-1117;512
1161;771;-1377;-1436;421;685;-840;818;-1103;486
1191;807;-1363;-1451;398;710;-853;820;-1088;459
1220;843;-1348;-1466;375;734;-867;821;-1073;433
1249;878;-1332;-1480;352;757;-880;823;-1057;406
1277;913;-1316;-1494;328;781;-893;824;-1040;379
1304;947;-1300;-1506;305;804;-905;824;-1024;351
1331;981;-1283;-1519;281;827;-917;824;-1006;324
1357;1014;-1265;-1531;257;849;-929;824;-989;296
1383;1047;-1247;-1542;233;871;-941;823;-971;268
1408;1080;-1229;-1553;208;893;-952;821;-953;240
1432;1112;-1210;-1563;184;915;-963;820;-934;212
1456;1143;-1190;-1572;159;936;-973;818;-915;183
1479;1175;-1170;-1581;134;957;-984;815;-895;154
1502;1205;-1150;-1590;109;977;-994;812;-875;126
1524;1235;-1129;-1597;84;997;-1003;809;-855;97
1545;1265;-1107;-1605;59;1017;-1012;805;-834;68
1565;1294;-1086;-1611;33;1036;-1021;801;-813;39
1585;1322;-1063;-1617;8;1055;-1030;796;-792;9
1604;1350;-1041;-1623;-18;1074;-1038;791;-770;-20
1622;1377;-1018;-1627;-43;1092;-1045;786;-748;-49
1640;1404;-994;-1632;-69;1109;-1053;780;-726;-79
1657;1430;-971;-1635;-95;1126;-1060;774;-703;-108
1673;1455;-946;-1638;-121;1143;-1066;767;-680;-138
1689;1480;-922;-1640;-146;1159;-1072;760;-657;-167
1704;1504;-897;-1642;-172;1175;-1078;752;-634;-197
1718;1527;-872;-1643;-198;1190;-1084;744;-610;-227
1731;1550;-846;-1643;-224;1205;-1088;736;-586;-256
1743;1572;-820;-1643;-250;1219;-1093;727;-562;-286
1755;1594;-794;-1642;-276;1233;-1097;718;-537;-315
1766;1614;-767;-1641;-302;1247;-1101;709;-513;-344
1776;1635;-740;-1639;-328;1259;-1104;699;-488;-374
1786;1654;-713;-1636;-353;1272;-1107;689;-463;-403
1795;1672;-685;-1633;-379;1283;-1109;678;-438;-432
1802;1690;-658;-1629;-405;1295;-1111;667;-412;-461
1809;1707;-630;-1624;-431;1305;-1113;655;-386;-490
1816;1724;-602;-1619;-456;1315;-1114;644;-361;-519
1821;1739;-573;-1613;-482;1325;-1115;632;-335;-548
1826;1754;-544;-1607;-507;1334;-1115;619;-309;-576
1830;1768;-515;-1600;-532;1342;-1115;606;-282;-604
1833;1782;-486;-1592;-557;1350;-1114;593;-256;-633
1835;1794;-457;-1584;-583;1358;-1113;579;-230;-661
1837;1806;-428;-1575;-607;1364;-1112;565;-203;-688
1837;1817;-398;-1565;-632;1371;-1110;551;-177;-716
1837;1827;-368;-1555;-657;1376;-1108;537;-150;-743
1836;1837;-338;-1544;-681;1381;-1105;522;-123;-770
1835;1845;-308;-1533;-705;1385;-1102;507;-97;-797
1832;1853;-278;-1521;-730;1389;-1098;491;-70;-824
1829;1860;-248;-1508;-753;1392;-1094;475;-43;-850
1825;1866;-218;-1495;-777;1395;-1089;459;-16;-876
1820;1872;-187;-1482;-800;1397;-1084;443;11;-902
1814;1876;-157;-1467;-824;1398;-1079;426;38;-927
1808;1880;-127;-1452;-847;1399;-1073;409;64;-952
1800;1883;-96;-1437;-869;1399;-1067;392;91;-977
1792;1885;-65;-1421;-892;1399;-1060;374;118;-1002
1784;1886;-35;-1404;-914;1398;-1053;356;145;-1026
1774;1887;-4;-1387;-936;1396;-1045;338;171;-1050
1764;1886;26;-1370;-958;1394;-1037;320;198;-1073
1752;1885;57;-1351;-979;1391;-1029;302;224;-1096
1740;1883;87;-1333;-1000;1387;-1020;283;251;-1119
1728;1880;118;-1313;-1021;1383;-1010;264;277;-1141
1714;1877;148;-1294;-1042;1379;-1001;245;303;-1163
1700;1872;178;-1273;-1062;1373;-991;225;329;-1184
1685;1867;208;-1253;-1082;1367;-980;206;355;-1205
1670;1861;238;-1231;-1101;1361;-969;186;380;-1226
1653;1854;268;-1210;-1120;1353;-958;166;406;-1246
1636;1846;298;-1187;-1139;1346;-946;146;431;-1265
1618;1838;328;-1165;-1157;1337;-934;126;456;-1285
1600;1829;357;-1141;-1175;1328;-921;106;481;-1303
1580;1818;387;-1118;-1193;1318;-908;85;506;-1322
1561;1808;416;-1094;-1210;1308;-895;64;530;-1339
1540;1796;445;-1069;-1227;1297;-881;44;555;-1357
1519;1783;474;-1044;-1244;1286;-867;23;579;-1373
1497;1770;502;-1019;-1260;1274;-853;2;602;-1390
1474;1756;530;-993;-1275;1261;-838;-19;626;-1405
1451;1741;558;-967;-1291;1248;-823;-41;649;-1421
1427;1726;586;-941;-1306;1234;-807;-62;672;-1435
1403;1710;614;-914;-1320;1220;-791;-83;694;-1449
1377;1693;641;-886;-1334;1205;-775;-105;717;-1463
1352;1675;668;-859;-1347;1189;-758;-126;739;-1476
1325;1656;695;-831;-1360;1173;-742;-147;760;-1489
1299;1637;721;-803;-1373;1157;-724;-169;782;-1501
1271;1617;747;-774;-1385;1140;-707;-191;803;-1512
1243;1596;773;-745;-1397;1122;-689;-212;823;-1523
1215;1575;798;-716;-1408;1104;-671;-234;844;-1533
1185;1553;823;-686;-1419;1085;-652;-255;864;-1543
1156;1530;848;-657;-1429;1066;-634;-277;883;-1552
1126;1507;872;-627;-1439;1046;-615;-298;902;-1561
1095;1483;896;-596;-1448;1025;-595;-320;921;-1568
1064;1458;920;-566;-1456;1004;-576;-341;939;-1576
1032;1433;943;-535;-1465;983;-556;-362;957;-1583
1000;1407;966;-504;-1472;961;-536;-384;975;-1589
968;1380;988;-473;-1480;939;-516;-405;992;-1594
935;1353;1010;-442;-1486;916;-495;-426;1008;-1599
902;1325;1031;-410;-1493;893;-475;-447;1025;-1604
868;1297;1052;-379;-1498;869;-454;-468;1040;-1607
834;1268;1073;-347;-1503;845;-433;-489;1056;-1610
799;1238;1093;-315;-1508;821;-411;-510;1071;-1613
765;1208;1112;-283;-1512;796;-390;-530;1085;-1615
729;1178;1131;-251;-1516;770;-368;-551;1099;-1616
694;1146;1150;-218;-1519;744;-346;-571;1112;-1617
658;1115;1168;-186;-1521;718;-324;-591;1125;-1617
622;1083;1185;-154;-1523;691;-302;-611;1137;-1616
586;1050;1202;-121;-1524;664;-279;-631;1149;-1615
549;1017;1219;-89;-1525;637;-257;-650;1161;-1613
512;983;1235;-56;-1526;609;-234;-670;1172;-1611
475;950;1250;-23;-1525;581;-212;-689;1182;-1608
438;915;1265;9;-1525;553;-189;-708;1192;-1604
400;880;1279;42;-1523;524;-166;-727;1201;-1600
362;845;1293;74;-1521;495;-143;-745;1210;-1595
324;810;1306;107;-1519;466;-120;-764;1218;-1589
286;774;1319;139;-1516;436;-97;-782;1226;-1583
248;737;1331;172;-1513;406;-73;-799;1233;-1576
210;701;1343;204;-1509;376;-50;-817;1240;-1569
171;664;1353;236;-1504;346;-27;-834;1246;-1561
133;627;1364;268;-1499;315;-4;-851;1251;-1553
94;589;1373;300;-1493;284;20;-868;1256;-1543
55;551;1382;332;-1487;253;43;-884;1261;-1534
17;513;1391;364;-1480;222;66;-900;1264;-1523
-22;475;1399;395;-1473;190;90;-916;1268;-1512
-61;436;1406;427;-1465;159;113;-931;1270;-1501
-100;398;1413;458;-1457;127;136;-946;1273;-1489
-138;359;1419;489;-1448;95;159;-961;1274;-1476
-177;320;1424;520;-1439;63;183;-976;1275;-1463
-216;280;1429;551;-1429;30;206;-990;1276;-1449
-254;241;1433;581;-1419;-2;229;-1003;1276;-1435
-293;201;1437;611;-1408;-34;252;-1017;1275;-1420
-331;162;1440;641;-1396;-67;275;-1030;1274;-1405
-369;122;1442;671;-1384;-100;297;-1042;1272;-1389
-408;82;1444;700;-1372;-132;320;-1055;1270;-1373
-446;42;1445;729;-1359;-165;342;-1066;1267;-1356
-483;3;1445;758;-1346;-198;365;-1078;1263;-1338
-521;-37;1445;786;-1332;-231;387;-1089;1259;-1320
-558;-77;1444;814;-1317;-263;409;-1100;1254;-1302
-596;-117;1443;842;-1302;-296;431;-1110;1249;-1283
-633;-157;1440;869;-1287;-329;453;-1120;1243;-1263
-670;-197;1438;896;-1271;-362;474;-1129;1237;-1243
-706;-237;1434;923;-1255;-394;496;-1138;1230;-1223
-742;-277;1430;949;-1238;-427;517;-1147;1223;-1202
-778;-316;1426;975;-1221;-459;538;-1155;1215;-1181
-814;-356;1420;1000;-1203;-492;558;-1162;1206;-1159
-849;-395;1414;1025;-1185;-524;579;-1170;1197;-1136
-884;-434;1408;1050;-1167;-556;599;-1176;1188;-1114
-919;-473;1401;1074;-1148;-589;619;-1183;1178;-1091
-953;-512;1393;1098;-1129;-621;639;-1189;1167;-1067
-987;-551;1385;1121;-1109;-652;658;-1194;1156;-1043
-1021;-590;1376;1144;-1089;-684;678;-1199;1144;-1019
-1054;-628;1366;1166;-1068;-715;696;-1204;1132;-994
-1086;-666;1356;1188;-1047;-747;715;-1208;1119;-969
-1119;-704;1345;1209;-1026;-778;733;-1211;1106;-944
-1151;-741;1334;1230;-1004;-808;751;-1214;1092;-918
-1182;-779;1322;1250;-982;-839;769;-1217;1078;-892
-1213;-815;1310;1270;-959;-869;786;-1219;1063;-866
-1243;-852;1296;1289;-937;-899;803;-1221;1048;-839
-1273;-888;1283;1308;-914;-929;820;-1222;1032;-812
-1303;-924;1269;1326;-890;-959;836;-1223;1016;-785
-1332;-960;1254;1343;-866;-988;852;-1223;1000;-757
-1360;-995;1238;1360;-842;-1017;868;-1223;982;-729
-1388;-1030;1223;1377;-818;-1045;883;-1222;965;-701
-1415;-1064;1206;1392;-793;-1073;898;-1221;947;-673
-1442;-1098;1189;1408;-768;-1101;912;-1220;928;-644
-1468;-1132;1172;1422;-743;-1129;927;-1217;910;-615
-1494;-1165;1154;1436;-717;-1156;940;-1215;890;-586
-1519;-1198;1135;1450;-691;-1182;953;-1212;871;-557
-1543;-1230;1116;1463;-665;-1209;966;-1208;851;-527
-1567;-1261;1097;1475;-639;-1234;979;-1204;830;-498
-1590;-1293;1076;1487;-613;-1260;991;-1200;809;-468
-1613;-1323;1056;1497;-586;-1285;1002;-1195;788;-438
-1634;-1353;1035;1508;-559;-1310;1013;-1189;766;-408
-1656;-1383;1014;1518;-532;-1334;1024;-1183;744;-377
-1676;-1412;992;1527;-504;-1357;1034;-1177;722;-347
-1696;-1441;969;1535;-477;-1381;1044;-1170;699;-316
-1715;-1468;947;1543;-449;-1403;1053;-1163;676;-286
-1734;-1496;923;1550;-421;-1425;1062;-1155;653;-255
-1752;-1522;900;1556;-393;-1447;1071;-1147;629;-225
-1769;-1549;876;1562;-365;-1468;1079;-1138;605;-194
-1785;-1574;851;1567;-337;-1489;1086;-1129;581;-163
-1801;-1599;826;1572;-309;-1509;1093;-1119;556;-132
-1816;-1623;801;1576;-280;-1529;1099;-1109;531;-101
-1831;-1647;776;1579;-252;-1548;1105;-1099;506;-70
-1844;-1669;750;1581;-223;-1566;1111;-1088;481;-39
-1857;-1692;723;1583;-194;-1584;1116;-1076;455;-9
-1869;-1713;697;1585;-165;-1601;1120;-1064;429;22
-1881;-1734;670;1585;-137;-1618;1124;-1052;403;53
-1891;-1754;643;1585;-108;-1634;1128;-1040;377;84
-1901;-1774;615;1584;-79;-1650;1131;-1026;350;114
-1910;-1792;587;1583;-50;-1665;1133;-1013;324;145
-1919;-1810;559;1580;-21;-1679;1135;-999;297;176
-1926;-1828;531;1578;8;-1692;1137;-985;270;206
-1933;-1844;502;1574;37;-1706;1138;-970;243;236
-1939;-1860;473;1570;66;-1718;1138;-955;215;266
-1945;-1875;444;1565;94;-1730;1138;-940;188;296
-1949;-1890;415;1559;123;-1741;1138;-924;160;326
-1953;-1903;385;1553;152;-1751;1137;-908;132;356
-1956;-1916;356;1547;180;-1761;1135;-891;104;385
-1958;-1928;326;1539;209;-1770;1133;-874;77;415
-1960;-1939;296;1531;237;-1779;1130;-857;49;444
-1961;-1950;266;1522;266;-1786;1127;-839;20;472
-1960;-1959;235;1513;294;-1794;1123;-821;-8;501
-1960;-1968;205;1503;322;-1800;1119;-803;-36;530
-1958;-1976;174;1492;350;-1806;1115;-785;-64;558
-1956;-1984;143;1481;377;-1811;1109;-766;-92;586
-1953;-1990;112;1469;405;-1815;1104;-746;-121;613
-1949;-1996;82;1456;432;-1819;1097;-727;-149;641
-1944;-2001;51;1443;460;-1822;1091;-707;-177;668
-1939;-2005;20;1429;487;-1824;1084;-687;-205;694
-1933;-2008;-12;1415;514;-1826;1076;-667;-233;721
-1926;-2011;-43;1400;540;-1827;1068;-646;-261;747
-1918;-2013;-74;1384;567;-1827;1059;-625;-290;773
-1910;-2014;-105;1368;593;-1826;1050;-604;-318;798
-1901;-2014;-136;1351;619;-1825;1040;-583;-345;823
-1891;-2013;-167;1334;644;-1823;1030;-561;-373;848
-1880;-2011;-198;1316;670;-1821;1019;-540;-401;872
-1869;-2009;-229;1297;695;-1817;1008;-518;-429;896
-1857;-2006;-260;1278;719;-1813;997;-495;-456;919
-1844;-2002;-291;1259;744;-1809;984;-473;-483;943
-1831;-1998;-322;1238;768;-1803;972;-450;-510;965
-1817;-1992;-353;1218;792;-1797;959;-428;-538;987
-1802;-1986;-383;1197;816;-1790;946;-405;-564;1009
-1786;-1979;-414;1175;839;-1783;932;-382;-591;1031
-1770;-1971;-444;1153;862;-1775;917;-359;-617;1052
-1753;-1962;-474;1130;884;-1766;903;-335;-644;1072
-1736;-1953;-504;1107;906;-1756;887;-312;-670;1092
-1717;-1943;-534;1083;928;-1746;872;-288;-696;1112
-1698;-1932;-564;1059;949;-1735;856;-264;-721;1131
-1679;-1920;-593;1034;970;-1724;839;-241;-746;1149
-1659;-1907;-623;1009;991;-1711;822;-217;-771;1167
-1638;-1894;-652;984;1011;-1698;805;-193;-796;1185
-1617;-1880;-680;958;1031;-1685;788;-169;-821;1202
-1595;-1866;-709;932;1050;-1671;769;-145;-845;1218
-1572;-1850;-737;905;1069;-1656;751;-121;-869;1234
-1549;-1834;-765;878;1088;-1640;732;-97;-893;1250
-1525;-1817;-793;850;1106;-1624;713;-73;-916;1265
-1501;-1799;-821;823;1123;-1607;694;-48;-939;1279
-1476;-1781;-848;794;1140;-1590;674;-24;-962;1293
-1450;-1762;-875;766;1157;-1572;654;0;-984;1306
-1424;-1742;-901;737;1173;-1553;633;24;-1006;1319
-1398;-1722;-928;708;1189;-1534;612;48;-1027;1331
-1371;-1701;-953;678;1204;-1514;591;72;-1049;1343
-1343;-1679;-979;648;1219;-1493;570;96;-1069;1354
-1315;-1657;-1004;618;1233;-1472;548;120;-1090;1364
-1287;-1634;-1029;588;1247;-1451;526;144;-1110;1374
-1258;-1610;-1053;557;1260;-1428;503;168;-1129;1383
-1229;-1586;-1077;526;1273;-1406;481;192;-1149;1392
-1199;-1561;-1101;495;1285;-1382;458;215;-1168;1400
-1168;-1535;-1124;464;1297;-1358;435;239;-1186;1407
-1138;-1509;-1147;432;1308;-1334;412;262;-1204;1414
-1107;-1483;-1169;400;1319;-1309;388;286;-1221;1421
-1075;-1455;-1191;368;1329;-1284;364;309;-1238;1426
-1043;-1428;-1212;336;1338;-1258;340;332;-1255;1431
-1011;-1399;-1233;304;1347;-1231;316;354;-1271;1436
-979;-1370;-1254;271;1356;-1204;291;377;-1287;1440
-946;-1341;-1274;239;1364;-1177;267;400;-1302;1443
-913;-1311;-1293;206;1371;-1149;242;422;-1317;1446
-879;-1281;-1312;173;1378;-1121;217;444;-1331;1448
-845;-1250;-1331;140;1384;-1092;192;466;-1345;1449
-811;-1218;-1349;107;1390;-1063;167;488;-1358;1450
-777;-1187;-1367;74;1395;-1034;141;509;-1371;1450
-742;-1154;-1384;41;1399;-1004;116;530;-1383;1450
-707;-1122;-1400;8;1403;-973;90;551;-1394;1449
-672;-1089;-1416;-26;1407;-943;65;572;-1406;1447
-637;-1055;-1431;-59;1410;-912;39;592;-1416;1445
-602;-1021;-1446;-92;1412;-880;13;612;-1426;1442
-566;-987;-1461;-125;1414;-848;-13;632;-1436;1439
-530;-952;-1474;-158;1415;-816;-39;652;-1445;1434
-494;-917;-1488;-192;1415;-784;-65;671;-1454;1430
-458;-882;-1500;-225;1415;-751;-91;690;-1462;1425
-422;-846;-1512;-258;1415;-718;-117;709;-1469;1419
-386;-810;-1524;-291;1413;-685;-143;727;-1476;1412
-349;-774;-1535;-324;1412;-652;-169;745;-1482;1405
-313;-738;-1545;-356;1409;-618;-195;763;-1488;1398
-276;-701;-1555;-389;1406;-584;-221;781;-1493;1389
-240;-664;-1564;-422;1403;-550;-247;798;-1498;1381
-203;-627;-1572;-454;1399;-515;-273;814;-1502;1371
-167;-589;-1580;-486;1394;-481;-299;831;-1506;1361
-130;-552;-1588;-518;1389;-446;-325;847;-1509;1351
-93;-514;-1594;-550;1383;-411;-351;862;-1511;1340
-57;-476;-1601;-582;1377;-376;-377;877;-1513;1328
-20;-438;-1606;-613;1370;-341;-402;892;-1515;1316
16;-400;-1611;-645;1363;-305;-428;906;-1515;1303
52;-361;-1615;-676;1355;-270;-453;920;-1516;1290
89;-323;-1619;-706;1346;-234;-478;934;-1515;1276
125;-284;-1622;-737;1337;-199;-503;947;-1514;1262
161;-246;-1625;-767;1328;-163;-528;960;-1513;1247
197;-207;-1626;-797;1318;-127;-553;972;-1511;1231
232;-169;-1628;-827;1307;-91;-578;984;-1508;1216
268;-130;-1628;-856;1296;-56;-602;996;-1505;1199
303;-91;-1628;-885;1284;-20;-626;1007;-1502;1182
339;-53;-1628;-914;1272;16;-651;1017;-1497;1165
374;-14;-1626;-943;1259;52;-674;1027;-1493;1147
408;25;-1625;-971;1246;87;-698;1037;-1487;1129
443;63;-1622;-998;1232;123;-721;1046;-1481;1110
477;102;-1619;-1026;1217;159;-745;1055;-1475;1090
511;140;-1615;-1053;1203;194;-767;1063;-1468;1071
545;178;-1611;-1079;1187;229;-790;1071;-1461;1051
579;217;-1606;-1105;1172;265;-812;1078;-1453;1030
612;255;-1601;-1131;1155;300;-834;1085;-1444;1009
645;293;-1595;-1156;1139;335;-856;1091;-1435;987
677;330;-1588;-1181;1122;370;-878;1097;-1425;966
709;368;-1581;-1206;1104;404;-899;1103;-1415;943
741;405;-1573;-1230;1086;439;-920;1108;-1405;921
773;442;-1564;-1253;1067;473;-940;1112;-1394;898
804;479;-1555;-1276;1048;507;-961;1116;-1382;874
834;516;-1546;-1299;1029;541;-980;1119;-1370;850
865;552;-1536;-1321;1009;574;-1000;1122;-1357;826
895;588;-1525;-1343;989;608;-1019;1125;-1344;802
924;624;-1514;-1364;968;641;-1038;1127;-1330;777
953;659;-1502;-1385;947;674;-1056;1128;-1316;752
982;695;-1489;-1405;926;706;-1074;1129;-1302;726
1010;730;-1476;-1424;904;738;-1092;1130;-1287;701
1038;764;-1463;-1443;882;770;-1109;1129;-1271;675
1065;798;-1449;-1462;859;801;-1126;1129;-1255;648
1091;832;-1434;-1480;837;833;-1143;1128;-1239;622
1118;865;-1419;-1497;813;863;-1159;1126;-1222;595
1143;898;-1403;-1514;790;894;-1174;1124;-1205;568
1169;931;-1387;-1530;766;924;-1189;1122;-1188;540
1193;963;-1371;-1546;742;953;-1204;1119;-1169;513
1217;995;-1354;-1561;717;983;-1218;1115;-1151;485
1241;1026;-1336;-1576;693;1011;-1232;1111;-1132;457
1264;1057;-1318;-1590;667;1040;-1245;1107;-1113;429
1286;1087;-1299;-1603;642;1068;-1258;1102;-1093;401
1308;1117;-1280;-1616;616;1095;-1271;1096;-1073;372
1329;1147;-1261;-1628;591;1122;-1283;1090;-1053;344
1350;1175;-1241;-1640;564;1148;-1294;1084;-1032;315
1370;1204;-1221;-1651;538;1174;-1305;1077;-1011;286
1390;1232;-1200;-1661;512;1200;-1316;1070;-990;257
1409;1259;-1179;-1671;485;1225;-1326;1062;-968;228
1427;1286;-1157;-1680;458;1249;-1335;1054;-946;198
1444;1312;-1135;-1689;431;1273;-1344;1045;-923;169
1462;1337;-1113;-1697;403;1296;-1353;1035;-901;139
1478;1362;-1090;-1704;376;1319;-1361;1026;-878;110
1494;1387;-1067;-1711;348;1341;-1369;1016;-854;80
1509;1411;-1043;-1717;320;1363;-1376;1005;-831;51
1523;1434;-1019;-1722;292;1384;-1382;994;-807;21
1537;1456;-995;-1727;264;1405;-1388;982;-783;-8
1550;1478;-970;-1731;236;1425;-1393;970;-759;-38
1563;1500;-946;-1734;207;1444;-1398;958;-734;-68
1574;1520;-920;-1737;179;1462;-1403;945;-709;-97
1586;1540;-895;-1740;150;1481;-1407;932;-684;-127
1596;1560;-869;-1741;121;1498;-1410;918;-659;-157
1606;1578;-843;-1742;93;1515;-1413;904;-634;-186
1615;1596;-817;-1743;64;1531;-1415;890;-608;-215
1623;1614;-790;-1742;35;1546;-1417;875;-582;-245
1631;1631;-763;-1741;6;1561;-1418;860;-556;-274
1638;1646;-736;-1740;-22;1575;-1419;844;-530;-303
1645;1662;-709;-1738;-51;1589;-1419;828;-504;-332
1650;1676;-681;-1735;-80;1602;-1419;812;-478;-361
1655;1690;-654;-1731;-109;1614;-1418;795;-451;-390
1660;1703;-626;-1727;-138;1625;-1416;778;-425;-419
1663;1716;-598;-1723;-166;1636;-1415;761;-398;-447
1666;1728;-569;-1718;-195;1646;-1412;743;-371;-476
1668;1739;-541;-1712;-224;1655;-1409;725;-344;-504
1670;1749;-512;-1705;-252;1664;-1406;706;-317;-532
1671;1759;-484;-1698;-281;1672;-1401;688;-290;-559
1671;1767;-455;-1690;-309;1679;-1397;669;-263;-587
1670;1776;-426;-1682;-338;1686;-1392;649;-236;-614
1669;1783;-397;-1673;-366;1692;-1386;630;-209;-641
1667;1790;-368;-1664;-394;1697;-1380;610;-182;-668
1665;1795;-339;-1654;-422;1701;-1373;589;-155;-695
1661;1801;-309;-1643;-450;1705;-1366;569;-128;-721
1658;1805;-280;-1632;-477;1708;-1359;548;-101;-747
1653;1809;-251;-1620;-505;1710;-1350;527;-74;-773
1648;1812;-222;-1608;-532;1711;-1342;506;-47;-799
1642;1814;-192;-1595;-559;1712;-1333;484;-20;-824
1635;1815;-163;-1581;-586;1712;-1323;463;7;-849
1628;1816;-133;-1567;-613;1712;-1313;441;34;-873
1620;1816;-104;-1553;-639;1710;-1302;418;61;-898
1611;1815;-75;-1538;-666;1708;-1291;396;88;-922
1602;1814;-46;-1522;-692;1705;-1280;374;114;-945
1592;1811;-16;-1506;-717;1702;-1268;351;141;-968
1582;1808;13;-1490;-743;1698;-1255;328;167;-991
1571;1805;42;-1472;-768;1693;-1242;305;193;-1014
1559;1800;71;-1455;-793;1687;-1229;282;220;-1036
1546;1795;100;-1437;-818;1680;-1215;258;245;-1057
1533;1789;128;-1418;-842;1673;-1200;235;271;-1079
1520;1783;157;-1399;-866;1666;-1186;211;297;-1100
1506;1775;185;-1380;-890;1657;-1171;187;322;-1120
1491;1767;214;-1360;-914;1648;-1155;163;347;-1140
1476;1759;242;-1339;-937;1638;-1139;139;373;-1160
1460;1749;270;-1318;-959;1627;-1123;115;397;-1179
1443;1739;298;-1297;-982;1616;-1106;91;422;-1198
1426;1728;325;-1275;-1004;1604;-1088;67;446;-1216
1408;1717;353;-1253;-1026;1592;-1071;43;470;-1234
1390;1704;380;-1231;-1047;1578;-1053;18;494;-1251
1371;1692;407;-1208;-1068;1564;-1035;-6;518;-1268
1352;1678;433;-1185;-1089;1550;-1016;-30;541;-1285
1332;1664;460;-1161;-1109;1534;-997;-55;564;-1301
1312;1649;486;-1137;-1129;1519;-977;-79;587;-1316
1291;1634;512;-1113;-1148;1502;-957;-103;610;-1331
1270;1617;538;-1088;-1167;1485;-937;-128;632;-1346
1248;1601;563;-1063;-1186;1467;-917;-152;654;-1360
1226;1583;588;-1038;-1204;1449;-896;-176;675;-1373
1203;1565;613;-1012;-1221;1430;-875;-201;697;-1386
1180;1547;637;-986;-1239;1410;-854;-225;718;-1399
1157;1527;661;-960;-1256;1390;-832;-249;738;-1411
1133;1508;685;-933;-1272;1369;-810;-273;758;-1422
1108;1487;709;-907;-1288;1348;-788;-297;778;-1433
1083;1466;732;-879;-1303;1326;-766;-321;798;-1444
1058;1445;754;-852;-1318;1303;-743;-345;817;-1453
1032;1423;777;-825;-1333;1280;-720;-369;836;-1463
1006;1400;799;-797;-1347;1257;-697;-392;854;-1472
980;1377;820;-769;-1360;1232;-673;-416;872;-1480
953;1353;841;-741;-1373;1208;-650;-439;890;-1488
926;1329;862;-713;-1386;1183;-626;-463;907;-1495
899;1305;883;-684;-1398;1157;-602;-486;924;-1501
871;1279;903;-655;-1410;1131;-578;-509;940;-1508
843;1254;922;-626;-1421;1104;-553;-531;956;-1513
815;1228;941;-598;-1431;1077;-529;-554;971;-1518
786;1201;960;-568;-1441;1050;-504;-576;987;-1523
757;1174;978;-539;-1451;1022;-479;-598;1001;-1527
728;1147;996;-510;-1460;994;-454;-620;1015;-1530
699;1119;1013;-480;-1468;965;-429;-642;1029;-1533
669;1091;1030;-451;-1476;936;-404;-663;1043;-1535
639;1062;1046;-421;-1484;906;-379;-685;1055;-1537
609;1033;1062;-392;-1491;876;-353;-706;1068;-1538
579;1003;1078;-362;-1497;846;-328;-727;1080;-1538
548;974;1092;-332;-1503;815;-302;-747;1091;-1538
518;944;1107;-302;-1508;784;-276;-767;1102;-1538
487;913;1121;-273;-1513;753;-251;-787;1113;-1537
456;882;1134;-243;-1518;721;-225;-807;1123;-1535
425;851;1147;-213;-1521;689;-199;-826;1132;-1533
393;820;1159;-183;-1525;657;-173;-846;1141;-1531
362;788;1171;-154;-1527;624;-148;-864;1150;-1527
331;756;1183;-124;-1530;591;-122;-883;1158;-1524
299;724;1193;-94;-1531;558;-96;-901;1166;-1519
268;692;1204;-65;-1532;525;-70;-919;1173;-1514
236;659;1213;-35;-1533;491;-45;-937;1180;-1509
204;626;1223;-6;-1533;458;-19;-954;1186;-1503
173;593;1231;24;-1532;424;7;-971;1191;-1497
141;560;1239;53;-1531;390;32;-987;1197;-1490
109;526;1247;82;-1530;355;58;-1003;1201;-1482
77;493;1254;111;-1528;321;83;-1019;1205;-1475
46;459;1261;140;-1525;286;108;-1034;1209;-1466
14;425;1267;168;-1522;252;134;-1050;1212;-1457
-18;391;1272;197;-1518;217;159;-1064;1215;-1448
-49;357;1277;225;-1514;182;184;-1078;1217;-1438
-81;323;1281;253;-1510;147;208;-1092;1218;-1427
-112;289;1285;281;-1504;112;233;-1106;1220;-1416
-144;254;1288;309;-1499;77;258;-1119;1220;-1405
-175;220;1291;337;-1493;42;282;-1132;1220;-1393
-206;186;1293;364;-1486;6;306;-1144;1220;-1381
-237;151;1294;391;-1479;-29;330;-1156;1219;-1368
-268;117;1295;418;-1471;-64;354;-1167;1218;-1355
-299;82;1296;445;-1463;-99;378;-1178;1216;-1341
-329;48;1296;471;-1454;-134;401;-1189;1213;-1327
-360;14;1295;497;-1445;-169;424;-1199;1210;-1312
-390;-21;1294;523;-1435;-204;447;-1209;1207;-1297
-420;-55;1292;548;-1425;-239;470;-1218;1203;-1282
-450;-89;1290;574;-1415;-274;493;-1227;1199;-1266
-480;-123;1287;599;-1404;-309;515;-1235;1194;-1249
-509;-157;1284;623;-1392;-344;537;-1243;1189;-1233
-538;-191;1280;647;-1380;-378;559;-1251;1183;-1216
-567;-225;1275;671;-1368;-412;580;-1258;1177;-1198
-596;-259;1270;695;-1355;-447;601;-1264;1170;-1180
-624;-292;1265;718;-1342;-481;622;-1271;1163;-1162
-652;-326;1259;741;-1328;-515;642;-1276;1155;-1143
-680;-359;1252;764;-1314;-548;663;-1282;1147;-1124
-707;-392;1245;786;-1299;-582;683;-1286;1138;-1105
-735;-424;1238;808;-1284;-615;702;-1291;1129;-1085
-761;-457;1229;829;-1269;-648;721;-1295;1120;-1065
-788;-489;1221;850;-1253;-681;740;-1298;1110;-1045
-814;-521;1212;871;-1237;-713;759;-1301;1100;-1024
-840;-553;1202;891;-1220;-745;777;-1303;1089;-1003
-866;-585;1192;911;-1203;-777;795;-1305;1078;-982
-891;-616;1181;930;-1186;-809;812;-1307;1066;-961
-915;-647;1170;949;-1168;-840;829;-1308;1054;-939
-940;-678;1159;968;-1150;-871;846;-1309;1041;-917
-964;-708;1147;986;-1132;-902;862;-1309;1028;-894
-987;-738;1134;1003;-1113;-932;878;-1309;1015;-872
-1010;-768;1121;1021;-1094;-962;894;-1308;1001;-849
-1033;-798;1108;1037;-1075;-991;909;-1306;987;-826
-1056;-827;1094;1054;-1055;-1020;924;-1305;973;-802
-1077;-855;1080;1069;-1035;-1049;938;-1303;958;-779
-1099;-884;1065;1085;-1015;-1078;952;-1300;943;-755
-1120;-912;1050;1100;-994;-1105;965;-1297;927;-731
-1140;-939;1034;1114;-973;-1133;978;-1293;911;-707
-1160;-966;1018;1128;-952;-1160;991;-1289;895;-683
-1180;-993;1002;1142;-931;-1187;1003;-1285;878;-658
-1199;-1019;985;1155;-909;-1213;1015;-1280;861;-634
-1218;-1045;968;1167;-887;-1238;1026;-1275;844;-609
-1236;-1071;950;1179;-865;-1263;1037;-1269;826;-584
-1254;-1096;932;1191;-843;-1288;1047;-1263;808;-559
-1271;-1120;914;1202;-820;-1312;1057;-1256;790;-534
-1288;-1145;895;1212;-797;-1336;1066;-1249;772;-508
-1304;-1168;876;1222;-774;-1359;1075;-1242;753;-483
-1320;-1191;857;1232;-751;-1382;1084;-1234;734;-457
-1335;-1214;837;1241;-727;-1404;1092;-1225;714;-432
-1350;-1236;817;1249;-704;-1425;1100;-1216;695;-406
-1364;-1258;796;1257;-680;-1446;1107;-1207;675;-380
-1377;-1279;776;1265;-656;-1467;1113;-1198;655;-355
-1391;-1300;755;1272;-632;-1487;1119;-1188;634;-329
-1403;-1320;733;1278;-608;-1506;1125;-1177;613;-303
-1415;-1340;712;1284;-583;-1524;1130;-1166;593;-277
-1427;-1359;690;1289;-559;-1543;1135;-1155;571;-251
-1438;-1377;668;1294;-534;-1560;1139;-1144;550;-225
-1448;-1395;646;1299;-510;-1577;1143;-1132;529;-199
-1458;-1413;623;1303;-485;-1593;1146;-1119;507;-174
-1467;-1430;600;1306;-460;-1609;1149;-1106;485;-148
-1476;-1446;577;1309;-435;-1624;1151;-1093;463;-122
-1484;-1462;554;1311;-410;-1638;1153;-1080;441;-96
-1492;-1477;530;1313;-385;-1652;1154;-1066;418;-70
-1499;-1492;507;1314;-360;-1665;1155;-1052;396;-45
-1506;-1506;483;1315;-335;-1678;1155;-1037;373;-19
-1512;-1520;459;1315;-310;-1690;1155;-1022;350;6
-1517;-1533;434;1315;-284;-1701;1154;-1007;327;32
-1522;-1545;410;1314;-259;-1712;1153;-992;304;57
-1527;-1557;386;1313;-234;-1722;1152;-976;281;82
-1530;-1568;361;1311;-209;-1731;1150;-960;258;107
-1534;-1579;336;1309;-184;-1739;1147;-943;235;132
-1536;-1589;311;1306;-158;-1747;1144;-927;211;157
-1539;-1598;286;1303;-133;-1755;1140;-909;188;181
-1540;-1607;261;1300;-108;-1761;1136;-892;164;206
-1541;-1615;236;1295;-83;-1767;1132;-875;141;230
-1542;-1623;211;1291;-58;-1773;1127;-857;117;254
-1542;-1630;185;1285;-33;-1777;1122;-839;93;278
-1541;-1636;160;1280;-9;-1781;1116;-820;70;302
-1540;-1642;134;1274;16;-1784;1110;-801;46;325
-1538;-1647;109;1267;41;-1787;1103;-783;22;349
-1536;-1652;83;1260;65;-1789;1096;-763;-2;372
-1534;-1656;58;1253;89;-1790;1088;-744;-25;395
-1530;-1659;32;1245;114;-1791;1080;-725;-49;417
-1527;-1662;7;1236;138;-1791;1071;-705;-73;440
-1522;-1665;-19;1227;162;-1790;1062;-685;-96;462
-1518;-1666;-44;1218;186;-1788;1053;-665;-120;484
-1512;-1667;-70;1208;209;-1786;1043;-644;-143;505
-1506;-1668;-95;1198;233;-1783;1033;-624;-167;527
-1500;-1668;-120;1187;256;-1780;1022;-603;-190;548
-1493;-1667;-146;1176;279;-1776;1011;-582;-213;569
-1486;-1666;-171;1165;302;-1771;1000;-561;-236;589
-1478;-1664;-196;1153;325;-1766;988;-540;-259;609
-1470;-1661;-221;1141;347;-1760;976;-519;-282;629
-1461;-1658;-246;1128;369;-1753;963;-497;-305;649
-1452;-1655;-271;1115;391;-1746;950;-475;-328;668
-1442;-1651;-295;1101;413;-1738;936;-454;-351;687
-1432;-1646;-320;1087;435;-1729;923;-432;-373;705
-1421;-1641;-344;1073;456;-1720;909;-410;-395;724
-1410;-1635;-369;1059;477;-1710;894;-388;-418;741
-1398;-1629;-393;1044;498;-1699;879;-366;-439;759
-1386;-1622;-417;1028;519;-1688;864;-344;-461;776
-1374;-1614;-440;1013;539;-1676;848;-322;-483;793
-1361;-1606;-464;997;559;-1664;833;-300;-504;809
-1347;-1598;-487;980;579;-1651;816;-277;-526;826
-1334;-1589;-510;964;598;-1638;800;-255;-547;841
-1320;-1579;-533;947;617;-1623;783;-233;-567;857
-1305;-1569;-556;929;636;-1609;766;-210;-588;871
-1290;-1558;-579;912;655;-1593;748;-188;-608;886
-1275;-1547;-601;894;673;-1578;731;-166;-629;900
-1259;-1536;-623;875;691;-1561;713;-143;-648;914
-1243;-1524;-645;857;708;-1544;694;-121;-668;927
-1226;-1511;-666;838;725;-1527;676;-98;-687;940
-1210;-1498;-687;819;742;-1509;657;-76;-707;953
-1192;-1485;-708;800;759;-1490;638;-54;-725;965
-1175;-1471;-729;780;775;-1471;619;-32;-744;976
-1157;-1456;-749;760;791;-1451;599;-10;-762;988
-1139;-1441;-769;740;806;-1431;579;13;-780;998
-1120;-1426;-789;720;821;-1411;559;35;-798;1009
-1101;-1410;-808;700;836;-1390;539;56;-816;1019
-1082;-1394;-827;679;850;-1368;519;78;-833;1028
-1063;-1378;-846;658;864;-1346;498;100;-850;1037
-1043;-1361;-865;637;878;-1323;477;122;-866;1046
-1023;-1343;-883;616;891;-1301;457;143;-882;1054
-1003;-1325;-900;594;904;-1277;435;165;-898;1062
-982;-1307;-918;573;917;-1253;414;186;-914;1069
-961;-1289;-935;551;929;-1229;393;207;-929;1076
-940;-1270;-952;529;940;-1205;371;228;-944;1082
-919;-1251;-968;507;952;-1180;349;249;-958;1088
-898;-1231;-984;484;963;-1154;328;270;-972;1094
-876;-1211;-999;462;973;-1128;306;290;-986;1099
-854;-1191;-1014;440;983;-1102;284;311;-1000;1104
-832;-1170;-1029;417;993;-1076;261;331;-1013;1108
-810;-1149;-1043;394;1002;-1049;239;351;-1026;1111
-787;-1128;-1057;371;1011;-1022;217;370;-1038;1115
-765;-1107;-1071;348;1019;-994;194;390;-1050;1118
-742;-1085;-1084;325;1027;-967;172;409;-1061;1120
-719;-1063;-1097;302;1035;-939;150;429;-1073;1122
-696;-1041;-1109;279;1042;-910;127;448;-1084;1123
-673;-1018;-1121;256;1049;-882;104;466;-1094;1124
-649;-995;-1132;233;1055;-853;82;485;-1104;1125
-626;-972;-1143;210;1061;-824;59;503;-1114;1125
-602;-949;-1154;186;1066;-795;36;521;-1123;1125
-578;-925;-1164;163;1072;-765;14;539;-1132;1124
-555;-902;-1173;140;1076;-735;-9;556;-1140;1123
-531;-878;-1183;117;1080;-705;-31;573;-1148;1121
-507;-854;-1192;93;1084;-675;-54;590;-1156;1119
-483;-830;-1200;70;1088;-645;-77;607;-1163;1116
-459;-805;-1208;47;1091;-614;-99;623;-1170;1113
-435;-781;-1215;23;1093;-584;-122;639;-1177;1110
-411;-756;-1222;0;1095;-553;-144;655;-1183;1106
-387;-731;-1229;-23;1097;-522;-166;670;-1188;1102
-363;-706;-1235;-46;1098;-491;-189;686;-1194;1097
-338;-681;-1240;-69;1099;-460;-211;700;-1199;1092
-314;-656;-1245;-92;1100;-429;-233;715;-1203;1086
-290;-630;-1250;-115;1100;-398;-255;729;-1207;1080
-266;-605;-1254;-138;1099;-367;-277;743;-1211;1074
-242;-580;-1258;-160;1098;-336;-299;757;-1214;1067
-218;-554;-1261;-183;1097;-304;-320;770;-1216;1060
-194;-529;-1264;-206;1096;-273;-342;783;-1219;1052
-170;-503;-1267;-228;1094;-242;-363;795;-1221;1044
-146;-477;-1269;-250;1091;-210;-384;807;-1222;1036
-122;-452;-1270;-272;1088;-179;-405;819;-1223;1027
-99;-426;-1271;-295;1085;-148;-426;831;-1224;1018
-75;-400;-1272;-316;1081;-116;-447;842;-1224;1008
-51;-374;-1272;-338;1077;-85;-468;853;-1224;999
-28;-349;-1271;-360;1073;-54;-488;863;-1224;988
-5;-323;-1271;-381;1068;-23;-508;873;-1223;978
19;-297;-1269;-402;1063;8;-528;883;-1221;967
42;-272;-1268;-423;1058;39;-548;892;-1220;955
65;-246;-1265;-444;1052;69;-567;901;-1217;943
87;-221;-1263;-465;1045;100;-587;910;-1215;931
110;-195;-1260;-485;1039;130;-606;918;-1212;919
132;-170;-1256;-506;1032;160;-625;925;-1208;906
155;-145;-1252;-526;1024;191;-643;933;-1205;893
177;-120;-1248;-546;1016;220;-662;940;-1201;880
199;-94;-1243;-565;1008;250;-680;946;-1196;866
220;-70;-1238;-585;1000;280;-698;953;-1191;852
242;-45;-1232;-604;991;309;-715;959;-1186;838
263;-20;-1226;-623;982;338;-733;964;-1180;823
284;5;-1219;-642;972;367;-750;969;-1174;808
305;29;-1212;-660;963;395;-766;974;-1168;793
326;53;-1205;-678;952;424;-783;978;-1161;777
347;77;-1197;-696;942;452;-799;982;-1154;762
367;101;-1189;-714;931;479;-815;985;-1146;746
387;125;-1180;-731;920;507;-830;988;-1138;729
406;149;-1171;-749;909;534;-846;991;-1130;713
426;172;-1162;-765;897;561;-861;993;-1121;696
445;195;-1152;-782;885;587;-875;995;-1112;679
464;218;-1142;-798;873;614;-889;996;-1103;662
483;241;-1131;-814;860;639;-903;998;-1093;644
501;264;-1120;-830;847;665;-917;998;-1084;627
519;286;-1109;-845;834;690;-930;998;-1073;609
537;308;-1098;-861;821;715;-943;998;-1063;591
554;330;-1086;-875;807;739;-956;998;-1052;572
572;351;-1073;-890;793;763;-968;997;-1040;554
589;373;-1060;-904;779;787;-980;996;-1029;535
605;394;-1047;-918;764;810;-991;994;-1017;516
621;414;-1034;-931;750;833;-1003;992;-1005;497
637;435;-1020;-945;735;855;-1013;989;-992;478
653;455;-1006;-958;720;877;-1024;986;-980;459
668;475;-992;-970;704;898;-1034;983;-967;439
683;495;-977;-982;689;919;-1044;979;-953;420
698;514;-962;-994;673;940;-1053;975;-940;400
712;533;-947;-1006;657;960;-1062;971;-926;380
726;552;-932;-1017;641;980;-1070;966;-912;360
740;570;-916;-1028;625;999;-1079;961;-897;340
753;588;-900;-1038;608;1017;-1086;956;-883;320
766;606;-883;-1049;591;1035;-1094;950;-868;300
779;624;-867;-1058;575;1053;-1101;943;-853;279
791;641;-850;-1068;558;1070;-1107;937;-837;259
803;657;-833;-1077;540;1087;-1114;930;-822;238
814;674;-815;-1086;523;1103;-1119;922;-806;218
825;690;-798;-1094;506;1119;-1125;915;-790;197
836;706;-780;-1102;488;1134;-1130;907;-774;177
846;721;-762;-1110;470;1148;-1135;898;-758;156
856;736;-744;-1117;452;1162;-1139;890;-741;135
866;751;-725;-1124;434;1176;-1143;881;-724;115
875;765;-707;-1131;416;1189;-1146;871;-707;94
884;779;-688;-1137;398;1201;-1149;861;-690;73
893;792;-669;-1143;380;1213;-1152;851;-673;52
901;806;-650;-1149;361;1224;-1154;841;-655;32
909;818;-630;-1154;343;1235;-1156;830;-638;11
916;831;-611;-1159;324;1245;-1158;819;-620;-10
923;843;-591;-1163;306;1255;-1159;808;-602;-31
930;855;-572;-1167;287;1264;-1160;796;-584;-51
936;866;-552;-1171;268;1272;-1160;784;-566;-72
942;877;-532;-1174;249;1280;-1160;772;-548;-92
947;887;-512;-1177;230;1288;-1160;760;-529;-113
952;897;-491;-1180;212;1294;-1159;747;-511;-133
957;907;-471;-1182;193;1300;-1158;734;-492;-154
961;916;-451;-1184;174;1306;-1156;720;-474;-174
965;925;-430;-1186;155;1311;-1154;707;-455;-194
968;934;-410;-1187;136;1316;-1152;693;-436;-214
972;942;-389;-1188;117;1319;-1149;679;-417;-234
974;950;-369;-1188;98;1323;-1146;665;-398;-254
977;957;-348;-1189;79;1325;-1142;650;-380;-274
979;964;-327;-1188;60;1328;-1139;635;-360;-293
980;971;-306;-1188;41;1329;-1134;620;-341;-313
982;977;-286;-1187;22;1330;-1130;605;-322;-332
982;983;-265;-1186;3;1330;-1125;589;-303;-351
983;988;-244;-1184;-16;1330;-1120;573;-284;-370
983;993;-223;-1182;-34;1330;-1114;557;-265;-389
983;997;-202;-1180;-53;1328;-1108;541;-246;-408
982;1002;-182;-1178;-72;1326;-1101;525;-226;-426
981;1005;-161;-1175;-90;1324;-1095;508;-207;-445
980;1009;-140;-1172;-109;1321;-1088;492;-188;-463
978;1012;-120;-1168;-127;1317;-1080;475;-169;-481
976;1014;-99;-1164;-146;1313;-1073;458;-150;-499
973;1017;-78;-1160;-164;1308;-1065;440;-131;-516
970;1018;-58;-1155;-182;1303;-1056;423;-112;-534
967;1020;-38;-1150;-201;1297;-1048;405;-93;-551
964;1021;-17;-1145;-219;1291;-1039;388;-74;-568
960;1022;3;-1140;-236;1284;-1029;370;-55;-585
956;1022;23;-1134;-254;1277;-1020;352;-36;-601
951;1022;43;-1128;-272;1269;-1010;334;-18;-617
946;1021;63;-1122;-289;1260;-999;316;1;-634
941;1021;83;-1115;-307;1251;-989;297;20;-649
935;1019;102;-1108;-324;1242;-978;279;38;-665
929;1018;122;-1101;-341;1232;-967;260;56;-680
923;1016;141;-1093;-358;1221;-956;242;75;-695
916;1014;160;-1085;-375;1210;-944;223;93;-710
910;1011;180;-1077;-392;1199;-932;204;111;-725
902;1008;198;-1069;-408;1187;-920;185;129;-739
895;1005;217;-1060;-425;1174;-908;167;146;-753
887;1001;236;-1051;-441;1161;-895;148;164;-767
879;997;254;-1042;-457;1148;-882;129;181;-780
870;992;272;-1033;-473;1134;-869;110;199;-793
862;988;290;-1023;-489;1120;-855;90;216;-806
853;982;308;-1013;-504;1105;-842;71;233;-819
843;977;325;-1003;-519;1089;-828;52;250;-831
834;971;343;-992;-535;1074;-814;33;266;-843
824;965;360;-981;-549;1058;-800;14;283;-854
814;959;377;-971;-564;1041;-785;-5;299;-866
803;952;393;-959;-579;1024;-770;-25;315;-877
793;945;410;-948;-593;1007;-756;-44;331;-888
782;938;426;-936;-607;989;-741;-63;347;-898
770;930;442;-925;-621;971;-725;-82;363;-908
759;922;457;-913;-635;952;-710;-101;378;-918
747;914;473;-900;-648;934;-694;-120;393;-927
735;905;488;-888;-661;914;-679;-139;408;-936
723;896;503;-875;-674;895;-663;-158;423;-945
711;887;517;-862;-687;875;-647;-177;437;-954
698;878;532;-849;-700;855;-631;-196;451;-962
685;868;545;-836;-712;834;-614;-215;465;-970
672;858;559;-823;-724;813;-598;-233;479;-977
659;848;573;-809;-736;792;-581;-252;492;-984
646;838;586;-796;-747;770;-565;-270;506;-991
632;827;598;-782;-759;749;-548;-289;519;-997
618;816;611;-768;-770;726;-531;-307;531;-1004
604;805;623;-754;-781;704;-514;-325;544;-1009
590;793;635;-739;-791;682;-497;-343;556;-1015
576;782;646;-725;-801;659;-480;-361;568;-1020
561;770;657;-710;-811;636;-463;-379;580;-1025
546;758;668;-695;-821;612;-445;-397;591;-1029
531;745;679;-681;-831;589;-428;-414;602;-1033
516;733;689;-666;-840;565;-411;-432;613;-1037
501;720;699;-651;-849;541;-393;-449;624;-1040
486;707;708;-635;-858;517;-376;-466;634;-1043
470;694;717;-620;-866;493;-358;-483;644;-1046
455;681;726;-605;-874;468;-341;-500;654;-1048
439;667;735;-589;-882;444;-323;-516;663;-1050
423;654;743;-573;-890;419;-305;-533;672;-1052
407;640;751;-558;-898;394;-288;-549;681;-1053
391;626;758;-542;-905;369;-270;-565;690;-1054
375;611;765;-526;-912;344;-253;-581;698;-1055
359;597;772;-510;-918;319;-235;-597;706;-1055
342;583;778;-494;-924;294;-217;-612;714;-1055
326;568;784;-478;-930;268;-200;-627;721;-1054
309;553;790;-462;-936;243;-182;-642;728;-1054
293;538;795;-446;-942;218;-165;-657;735;-1053
276;523;800;-430;-947;192;-148;-672;741;-1051
259;508;804;-413;-952;167;-130;-686;747;-1049
243;493;808;-397;-957;141;-113;-700;753;-1047
226;477;812;-381;-961;115;-96;-714;759;-1045
209;462;815;-364;-965;90;-78;-728;764;-1042
192;446;818;-348;-969;64;-61;-741;769;-1039
175;431;821;-332;-972;39;-44;-755;773;-1036
158;415;823;-315;-976;13;-27;-767;777;-1032
141;399;825;-299;-979;-12;-10;-780;781;-1028
124;383;827;-283;-982;-38;6;-793;785;-1024
107;367;828;-266;-984;-63;23;-805;788;-1019
90;351;829;-250;-986;-88;40;-816;791;-1014
73;335;829;-233;-988;-114;56;-828;794;-1009
56;318;829;-217;-990;-139;72;-839;796;-1004
39;302;829;-201;-991;-164;89;-850;798;-998
22;286;828;-184;-992;-189;105;-861;800;-992
5;270;827;-168;-993;-214;121;-872;801;-985
-12;253;826;-152;-994;-238;136;-882;802;-979
-29;237;824;-136;-994;-263;152;-892;803;-972
-46;220;822;-119;-994;-287;168;-901;803;-964
-62;204;820;-103;-994;-311;183;-911;804;-957
-79;187;817;-87;-994;-335;198;-920;803;-949
-96;171;814;-71;-993;-359;213;-928;803;-941
-113;154;811;-55;-992;-383;228;-937;802;-932
-129;138;807;-40;-991;-406;243;-945;801;-924
-146;121;803;-24;-989;-430;257;-953;800;-915
-162;105;798;-8;-987;-453;271;-960;798;-906
-179;89;793;8;-986;-475;286;-967;796;-896
-195;72;788;23;-983;-498;300;-974;794;-887
-211;56;783;39;-981;-520;313;-981;791;-877
-227;39;777;54;-978;-542;327;-987;788;-867
-243;23;771;69;-975;-564;340;-993;785;-856
-259;7;764;85;-972;-586;353;-998;781;-846
-275;-10;757;100;-969;-607;366;-1004;777;-835
-291;-26;750;115;-965;-628;379;-1009;773;-824
-306;-42;743;129;-961;-649;391;-1013;769;-813
-322;-58;735;144;-957;-669;404;-1018;764;-801
-337;-74;727;159;-952;-689;416;-1022;759;-790
-352;-90;719;173;-948;-709;427;-1025;754;-778
-367;-106;710;188;-943;-728;439;-1029;749;-766
-382;-122;701;202;-938;-748;450;-1032;743;-753
-397;-137;692;216;-933;-766;461;-1034;737;-741
-412;-153;683;230;-927;-785;472;-1037;730;-728
-426;-169;673;244;-922;-803;483;-1039;724;-716
-440;-184;663;258;-916;-821;493;-1041;717;-703
-455;-199;653;271;-910;-838;503;-1042;710;-690
-469;-215;642;285;-903;-855;513;-1043;703;-676
-483;-230;631;298;-897;-872;523;-1044;695;-663
-496;-245;620;311;-890;-888;532;-1044;687;-649
-510;-260;609;324;-883;-904;541;-1044;679;-636
-523;-275;598;337;-876;-919;550;-1044;671;-622
-536;-289;586;350;-869;-934;559;-1043;662;-608
-549;-304;574;362;-861;-949;567;-1043;653;-594
-562;-318;562;374;-854;-963;575;-1041;644;-579
-575;-333;549;387;-846;-977;583;-1040;635;-565
-587;-347;537;399;-838;-990;590;-1038;626;-551
-599;-361;524;410;-830;-1003;597;-1036;616;-536
-611;-375;511;422;-821;-1016;604;-1034;606;-521
-623;-389;497;433;-813;-1028;611;-1031;596;-507
-635;-402;484;445;-804;-1040;617;-1028;586;-492
-646;-416;470;456;-795;-1051;623;-1024;575;-477
-657;-429;456;467;-786;-1062;629;-1021;564;-462
-668;-442;442;477;-777;-1072;635;-1017;554;-447
-679;-455;428;488;-768;-1082;640;-1012;542;-432
-690;-468;414;498;-758;-1092;645;-1008;531;-416
-700;-481;400;508;-749;-1101;650;-1003;520;-401
-710;-493;385;518;-739;-1110;654;-998;508;-386
-720;-506;370;528;-729;-1118;659;-992;496;-371
-730;-518;355;537;-719;-1126;662;-986;484;-355
-739;-530;340;547;-709;-1133;666;-980;472;-340
-748;-542;325;556;-699;-1140;669;-974;460;-324
-757;-554;310;565;-688;-1146;673;-967;448;-309
-766;-565;294;573;-678;-1152;675;-960;435;-293
-774;-576;279;582;-667;-1157;678;-953;422;-278
-783;-587;263;590;-656;-1162;680;-946;409;-262
-791;-598;248;598;-646;-1167;682;-938;396;-247
-798;-609;232;606;-635;-1171;684;-930;383;-231
-806;-620;216;613;-623;-1174;685;-922;370;-216
-813;-630;200;621;-612;-1177;686;-913;357;-201
-820;-640;184;628;-601;-1180;687;-904;343;-185
-827;-650;168;635;-590;-1182;688;-895;330;-170
-833;-660;152;642;-578;-1184;688;-886;316;-154
-840;-670;136;648;-567;-1185;688;-876;302;-139
-846;-679;120;654;-555;-1186;688;-867;289;-124
-851;-688;104;660;-543;-1186;687;-857;275;-109
-857;-697;87;666;-531;-1186;687;-846;261;-93
-862;-706;71;672;-519;-1186;686;-836;246;-78
-867;-714;55;677;-507;-1185;684;-825;232;-63
-872;-723;39;682;-495;-1183;683;-814;218;-48
-876;-731;22;687;-483;-1181;681;-803;204;-33
-881;-739;6;692;-471;-1179;679;-792;189;-18
-885;-746;-10;697;-459;-1176;677;-780;175;-4
-888;-754;-26;701;-447;-1173;674;-768;161;11
-892;-761;-43;705;-434;-1169;671;-756;146;26
-895;-768;-59;709;-422;-1165;668;-744;132;40
-898;-775;-75;712;-410;-1161;665;-732;117;54
-901;-782;-91;716;-397;-1156;661;-719;102;69
-903;-788;-107;719;-385;-1150;658;-706;88;83
-905;-795;-123;722;-372;-1144;653;-693;73;97
-907;-801;-139;724;-359;-1138;649;-680;59;111
-909;-806;-155;727;-347;-1131;645;-667;44;124
-910;-812;-171;729;-334;-1124;640;-653;29;138
-911;-817;-187;731;-322;-1117;635;-640;15;152
-912;-822;-202;732;-309;-1109;630;-626;0;165
-913;-827;-218;734;-296;-1101;625;-612;-15;178
-913;-832;-233;735;-284;-1092;619;-598;-29;191
-913;-837;-249;736;-271;-1083;613;-584;-44;204
-913;-841;-264;737;-258;-1074;607;-569;-58;217
-913;-845;-279;737;-245;-1064;601;-555;-73;230
-912;-849;-294;738;-233;-1054;594;-540;-87;242
-911;-852;-309;738;-220;-1043;588;-526;-102;254
-910;-856;-324;738;-207;-1033;581;-511;-116;266
-909;-859;-338;737;-194;-1021;574;-496;-131;278
-907;-862;-353;737;-182;-1010;567;-481;-145;290
-905;-865;-367;736;-169;-998;559;-466;-159;302
-903;-867;-381;735;-156;-986;552;-450;-173;313
-901;-869;-395;734;-144;-973;544;-435;-187;324
-898;-871;-409;732;-131;-960;536;-420;-201;335
-895;-873;-423;731;-118;-947;528;-404;-215;346
-892;-875;-436;729;-106;-934;520;-389;-229;357
-889;-876;-450;726;-93;-920;511;-373;-243;367
-885;-878;-463;724;-81;-906;503;-357;-257;378
-881;-879;-476;722;-68;-892;494;-341;-270;388
-877;-879;-488;719;-56;-877;485;-326;-284;398
-873;-880;-501;716;-44;-862;476;-310;-297;407
-869;-880;-513;712;-31;-847;467;-294;-310;417
-864;-880;-526;709;-19;-832;457;-278;-324;426
-859;-880;-538;705;-7;-816;448;-262;-337;435
-854;-880;-549;701;6;-800;438;-246;-350;444
-848;-880;-561;697;18;-784;429;-230;-362;452
-843;-879;-572;693;30;-768;419;-214;-375;460
-837;-878;-583;689;42;-752;409;-198;-388;468
-831;-877;-594;684;54;-735;399;-182;-400;476
-825;-876;-605;679;66;-718;388;-166;-412;484
-818;-874;-615;674;78;-701;378;-150;-425;491
-811;-872;-626;668;89;-684;368;-134;-437;499
-805;-870;-635;663;101;-666;357;-118;-448;505
-797;-868;-645;657;113;-648;347;-102;-460;512
-790;-866;-655;651;124;-631;336;-86;-472;519
-783;-863;-664;645;136;-613;325;-70;-483;525
-775;-861;-673;639;147;-595;314;-54;-494;531
-767;-858;-681;632;159;-577;303;-38;-505;537
-759;-855;-690;626;170;-558;292;-22;-516;542
-751;-851;-698;619;181;-540;281;-6;-527;547
-742;-848;-706;612;192;-521;270;9;-537;552
-734;-844;-714;604;203;-503;259;25;-548;557
-725;-840;-721;597;214;-484;247;40;-558;562
-716;-836;-728;589;225;-465;236;56;-568;566
-707;-832;-735;581;235;-446;225;71;-578;570
-698;-828;-742;574;246;-427;213;87;-587;574
-688;-823;-748;565;256;-409;202;102;-597;577
-678;-818;-754;557;267;-390;190;117;-606;581
-669;-813;-760;549;277;-370;179;132;-615;584
-659;-808;-765;540;287;-351;167;147;-624;587
-649;-803;-770;531;297;-332;156;162;-633;589
-638;-797;-775;522;307;-313;144;177;-641;592
-628;-792;-780;513;317;-294;132;191;-649;594
-617;-786;-784;504;327;-275;121;206;-658;596
-607;-780;-788;494;336;-256;109;220;-665;597
-596;-774;-792;484;346;-237;97;234;-673;598
-585;-767;-796;475;355;-218;86;249;-680;600
-574;-761;-799;465;364;-199;74;263;-688;600
-563;-754;-802;455;373;-180;62;276;-695;601
-551;-747;-804;445;382;-161;51;290;-701;601
-540;-740;-807;434;391;-142;39;304;-708;602
-528;-733;-809;424;400;-123;28;317;-714;601
-517;-726;-811;413;408;-105;16;330;-721;601
-505;-719;-812;402;417;-86;4;343;-726;600
-493;-711;-813;391;425;-68;-7;356;-732;600
-481;-703;-814;380;433;-49;-19;369;-738;599
-469;-695;-815;369;441;-31;-30;381;-743;597
-457;-687;-815;358;449;-13;-41;394;-748;596
-445;-679;-815;347;457;5;-53;406;-753;594
-432;-671;-815;335;465;23;-64;418;-757;592
-420;-663;-815;323;472;41;-75;430;-762;590
-407;-654;-814;312;479;59;-87;441;-766;587
-395;-645;-813;300;486;76;-98;453;-769;585
-382;-636;-811;288;494;93;-109;464;-773;582
-370;-628;-810;276;500;110;-120;475;-777;579
-357;-619;-808;264;507;127;-131;486;-780;575
-344;-609;-806;252;514;144;-142;497;-783;572
-331;-600;-803;239;520;161;-153;507;-785;568
-318;-591;-801;227;526;177;-163;517;-788;564
-305;-581;-798;214;532;193;-174;527;-790;560
-292;-571;-794;202;538;209;-185;537;-792;555
-279;-562;-791;189;544;225;-195;546;-794;551
-266;-552;-787;176;550;241;-206;556;-796;546
-253;-542;-783;164;555;256;-216;565;-797;541
-240;-532;-779;151;561;271;-226;574;-798;536
-227;-522;-774;138;566;286;-236;582;-799;530
-214;-511;-770;125;571;301;-246;591;-800;525
-200;-501;-765;112;576;315;-256;599;-800;519
-187;-491;-759;99;580;329;-266;607;-800;513
-174;-480;-754;85;585;343;-276;614;-800;507
-161;-470;-748;72;589;356;-285;622;-800;501
-148;-459;-742;59;593;370;-295;629;-799;494
-134;-448;-736;46;597;383;-304;636;-799;487
-121;-437;-729;32;601;395;-313;642;-798;480
-108;-426;-722;19;605;408;-323;649;-797;473
-95;-415;-716;5;608;420;-332;655;-795;466
-82;-404;-708;-8;611;432;-341;661;-794;459
-69;-393;-701;-22;615;444;-349;666;-792;451
-56;-382;-693;-35;617;455;-358;672;-790;444
-43;-371;-686;-49;620;466;-366;677;-788;436
-30;-359;-678;-62;623;477;-375;682;-785;428
-17;-348;-669;-76;625;487;-383;686;-783;420
-4;-337;-661;-89;628;497;-391;690;-780;411
9;-325;-652;-103;630;507;-399;694;-777;403
22;-314;-644;-116;631;516;-407;698;-773;394
35;-302;-635;-130;633;525;-415;702;-770;386
48;-290;-625;-144;635;534;-422;705;-766;377
60;-279;-616;-157;636;542;-430;708;-762;368
73;-267;-606;-171;637;551;-437;711;-758;359
85;-255;-597;-184;638;558;-444;713;-754;349
98;-244;-587;-198;639;566;-451;715;-749;340
110;-232;-577;-211;640;573;-458;717;-744;331
122;-220;-567;-225;640;580;-465;719;-739;321
135;-208;-556;-238;640;586;-471;720;-734;311
147;-196;-546;-251;640;592;-478;721;-729;302
159;-184;-535;-265;640;598;-484;722;-724;292
171;-173;-524;-278;640;603;-490;723;-718;282
182;-161;-513;-291;640;608;-496;723;-712;272
194;-149;-502;-305;639;613;-502;723;-706;262
206;-137;-491;-318;638;617;-507;722;-700;251
217;-125;-480;-331;637;621;-513;722;-693;241
229;-113;-469;-344;636;625;-518;721;-687;231
240;-101;-457;-357;634;628;-523;720;-680;220
251;-89;-445;-370;633;631;-528;719;-673;210
262;-77;-434;-383;631;634;-533;717;-666;199
273;-65;-422;-395;629;636;-538;715;-659;188
284;-54;-410;-408;627;638;-542;713;-652;178
294;-42;-398;-421;625;640;-547;711;-644;167
305;-30;-386;-433;622;641;-551;708;-636;156
315;-18;-374;-446;620;642;-555;705;-629;145
326;-6;-361;-458;617;643;-559;702;-621;134
336;5;-349;-470;614;643;-563;698;-612;123
346;17;-337;-482;610;643;-566;695;-604;112
355;29;-324;-494;607;642;-570;691;-596;101
365;40;-312;-506;603;641;-573;686;-587;90
375;52;-299;-518;600;640;-576;682;-579;79
384;64;-287;-530;596;639;-579;677;-570;68
393;75;-274;-541;592;637;-582;672;-561;57
402;86;-261;-553;587;635;-584;667;-552;46
411;98;-249;-564;583;633;-587;661;-543;35
420;109;-236;-575;578;630;-589;656;-533;24
428;120;-223;-587;573;627;-591;650;-524;13
436;132;-210;-598;568;623;-593;644;-514;2
445;143;-198;-608;563;620;-595;637;-505;-10
453;154;-185;-619;558;616;-597;630;-495;-21
460;165;-172;-630;552;611;-598;623;-485;-32
468;176;-160;-640;546;607;-599;616;-475;-43
475;187;-147;-650;541;602;-601;609;-465;-54
483;198;-134;-660;534;597;-602;601;-455;-65
490;208;-121;-670;528;591;-603;594;-445;-76
496;219;-109;-680;522;585;-603;585;-435;-87
503;229;-96;-690;515;579;-604;577;-424;-98
510;240;-84;-699;508;573;-604;569;-414;-109
516;250;-71;-708;502;566;-605;560;-403;-119
522;260;-59;-717;495;559;-605;551;-393;-130
528;271;-46;-726;487;552;-605;542;-382;-141
534;281;-34;-735;480;545;-605;533;-371;-152
539;291;-22;-743;472;537;-604;523;-361;-162
544;301;-9;-752;465;529;-604;514;-350;-173
549;310;3;-760;457;521;-603;504;-339;-183
554;320;15;-768;449;512;-603;494;-328;-194
559;329;27;-776;440;504;-602;483;-317;-204
563;339;39;-783;432;495;-601;473;-306;-215
567;348;51;-791;424;486;-600;462;-295;-225
572;357;62;-798;415;476;-598;451;-284;-235
575;366;74;-805;406;467;-597;440;-273;-245
579;375;86;-812;397;457;-595;429;-262;-255
582;384;97;-818;388;447;-594;418;-251;-265
585;393;108;-825;379;437;-592;407;-239;-275
588;401;120;-831;370;426;-590;395;-228;-285
591;409;131;-837;360;416;-588;383;-217;-294
594;418;142;-843;350;405;-586;371;-206;-304
596;426;152;-848;341;394;-583;359;-195;-313
598;434;163;-853;331;383;-581;347;-183;-322
600;441;174;-858;321;371;-578;335;-172;-332
601;449;184;-863;310;360;-576;322;-161;-341
603;457;194;-868;300;348;-573;309;-150;-350
604;464;205;-872;290;337;-570;297;-138;-359
605;471;215;-876;279;325;-567;284;-127;-367
605;478;224;-880;268;313;-564;271;-116;-376
606;485;234;-884;258;300;-560;258;-105;-385
606;492;244;-887;247;288;-557;245;-94;-393
606;498;253;-891;236;276;-554;231;-83;-401
606;505;262;-894;225;263;-550;218;-72;-409
606;511;271;-896;213;251;-546;205;-61;-417
605;517;280;-899;202;238;-543;191;-50;-425
604;523;289;-901;190;225;-539;177;-39;-433
603;529;297;-903;179;212;-535;164;-28;-441
602;534;305;-905;167;199;-531;150;-17;-448
600;539;314;-906;155;186;-526;136;-6;-455
599;545;321;-908;144;173;-522;122;4;-462
597;550;329;-909;132;160;-518;108;15;-469
595;554;337;-909;120;147;-513;94;26;-476
592;559;344;-910;108;134;-509;80;36;-483
590;563;351;-910;95;120;-504;66;47;-490
587;568;358;-910;83;107;-499;51;57;-496
584;572;365;-910;71;94;-495;37;67;-502
581;576;371;-909;58;80;-490;23;78;-508
577;579;378;-909;46;67;-485;9;88;-514
573;583;384;-907;33;54;-480;-6;98;-520
570;586;390;-906;21;40;-475;-20;108;-526
566;589;395;-905;8;27;-469;-34;118;-531
561;592;401;-903;-5;14;-464;-49;128;-537
557;595;406;-901;-17;0;-459;-63;137;-542
552;597;411;-899;-30;-13;-453;-78;147;-547
547;600;416;-896;-43;-26;-448;-92;157;-552
542;602;421;-893;-56;-40;-442;-106;166;-556
537;604;425;-890;-69;-53;-437;-121;175;-561
531;605;429;-887;-82;-66;-431;-135;185;-565
525;607;433;-883;-95;-79;-425;-149;194;-569
520;608;437;-879;-108;-92;-420;-164;203;-573
513;609;440;-875;-121;-105;-414;-178;212;-577
507;610;444;-871;-134;-118;-408;-192;220;-581
501;611;447;-867;-147;-131;-402;-206;229;-584
494;611;449;-862;-160;-143;-396;-220;237;-587
487;612;452;-857;-173;-156;-390;-235;246;-591
480;612;454;-851;-187;-168;-384;-249;254;-593
473;612;456;-846;-200;-181;-378;-262;262;-596
466;611;458;-840;-213;-193;-372;-276;270;-599
458;611;460;-834;-226;-205;-366;-290;278;-601
450;610;461;-828;-239;-217;-359;-304;286;-604
442;609;463;-821;-252;-229;-353;-318;293;-606
434;608;463;-814;-265;-241;-347;-331;301;-608
426;607;464;-807;-278;-253;-341;-345;308;-609
418;605;465;-800;-292;-264;-334;-358;315;-611
409;603;465;-793;-305;-276;-328;-371;322;-612
400;601;465;-785;-318;-287;-322;-385;329;-613
392;599;465;-777;-331;-298;-315;-398;336;-614
383;597;464;-769;-343;-309;-309;-411;342;-615
373;594;464;-760;-356;-319;-302;-424;349;-616
364;591;463;-752;-369;-330;-296;-436;355;-616
355;588;462;-743;-382;-340;-289;-449;361;-617
345;585;460;-734;-395;-351;-283;-462;367;-617
335;581;459;-724;-407;-361;-276;-474;373;-617
325;578;457;-715;-420;-370;-270;-486;379;-617
315;574;455;-705;-432;-380;-263;-498;384;-616
305;570;453;-695;-445;-390;-257;-510;389;-616
295;566;451;-685;-457;-399;-250;-522;394;-615
285;561;448;-675;-470;-408;-244;-534;399;-614
274;557;445;-664;-482;-417;-237;-545;404;-613
264;552;442;-654;-494;-425;-230;-557;409;-612
253;547;439;-643;-506;-434;-224;-568;413;-611
242;541;435;-632;-518;-442;-217;-579;417;-609
231;536;432;-620;-530;-450;-211;-590;422;-608
220;530;428;-609;-542;-458;-204;-600;425;-606
209;525;424;-597;-553;-465;-198;-611;429;-604
198;519;419;-585;-565;-472;-191;-621;433;-601
187;512;415;-573;-576;-480;-185;-631;436;-599
175;506;410;-561;-588;-486;-178;-641;439;-597
164;499;405;-549;-599;-493;-172;-651;442;-594
152;493;400;-536;-610;-499;-165;-660;445;-591
141;486;395;-524;-621;-505;-159;-670;448;-588
129;479;389;-511;-632;-511;-152;-679;451;-585
117;471;384;-498;-642;-517;-146;-688;453;-582
105;464;378;-485;-653;-522;-140;-697;455;-578
94;456;372;-472;-663;-527;-133;-705;457;-575
82;448;366;-458;-674;-532;-127;-714;459;-571
70;440;359;-445;-684;-537;-121;-722;460;-567
58;432;353;-431;-694;-541;-114;-730;462;-563
46;424;346;-417;-703;-545;-108;-737;463;-559
34;415;339;-403;-713;-549;-102;-745;464;-555
21;407;332;-389;-723;-553;-95;-752;465;-550
9;398;325;-375;-732;-556;-89;-759;466;-546
-3;389;318;-361;-741;-559;-83;-766;466;-541
-15;380;311;-347;-750;-562;-77;-772;467;-536
-27;370;303;-332;-759;-565;-71;-778;467;-531
-40;361;295;-318;-767;-567;-65;-785;467;-526
-52;351;287;-303;-776;-569;-59;-790;467;-521
-64;342;279;-288;-784;-571;-53;-796;466;-516
-76;332;271;-274;-792;-573;-47;-801;466;-510
-89;322;263;-259;-800;-574;-41;-806;465;-505
-101;312;254;-244;-807;-575;-35;-811;464;-499
-113;302;246;-229;-815;-576;-30;-816;463;-493
-125;291;237;-214;-822;-576;-24;-820;462;-488
-138;281;228;-199;-829;-577;-18;-824;461;-481
-150;270;220;-183;-836;-577;-12;-828;459;-475
-162;259;211;-168;-842;-576;-7;-832;457;-469
-174;248;202;-153;-849;-576;-1;-835;455;-463
-186;237;192;-138;-855;-575;4;-838;453;-456
-198;226;183;-123;-861;-574;10;-841;451;-450
-210;215;174;-107;-867;-573;15;-843;449;-443
-222;204;164;-92;-872;-571;21;-846;446;-436
-234;192;155;-77;-877;-570;26;-848;443;-430
-246;181;145;-61;-882;-568;31;-850;440;-423
-258;169;136;-46;-887;-565;36;-851;437;-416
-270;158;126;-31;-892;-563;42;-852;434;-409
-281;146;116;-15;-896;-560;47;-853;430;-401
-293;134;106;0;-900;-557;52;-854;427;-394
-305;122;96;15;-904;-554;57;-855;423;-387
-316;110;86;31;-908;-551;62;-855;419;-380
-328;98;76;46;-911;-547;66;-855;415;-372
-339;86;66;61;-914;-543;71;-854;411;-365
-350;73;56;76;-917;-539;76;-854;406;-357
-361;61;46;91;-920;-535;81;-853;402;-349
-372;49;36;107;-922;-531;85;-852;397;-342
-383;36;25;122;-924;-526;90;-851;392;-334
-394;24;15;136;-926;-521;94;-849;387;-326
-405;12;5;151;-927;-516;99;-847;382;-318
-416;-1;-5;166;-929;-510;103;-845;377;-310
-426;-14;-16;181;-930;-505;107;-843;372;-302
-437;-26;-26;196;-931;-499;112;-840;366;-294
-447;-39;-36;210;-931;-493;116;-837;361;-286
-457;-51;-46;225;-931;-487;120;-834;355;-278
-467;-64;-57;239;-931;-481;124;-830;349;-270
-477;-77;-67;253;-931;-474;128;-827;343;-262
-487;-90;-77;267;-931;-468;132;-823;337;-254
-496;-102;-87;281;-930;-461;136;-819;330;-245
-506;-115;-97;295;-929;-454;140;-814;324;-237
-515;-128;-108;309;-928;-447;143;-809;317;-229
-525;-140;-118;323;-926;-439;147;-805;311;-220
-534;-153;-128;336;-924;-432;150;-799;304;-212
-543;-166;-138;350;-922;-424;154;-794;297;-204
-552;-178;-148;363;-920;-417;157;-788;290;-195
-560;-191;-158;376;-917;-409;161;-782;283;-187
-569;-204;-168;389;-914;-401;164;-776;275;-179
-577;-216;-178;402;-911;-392;167;-770;268;-170
-585;-229;-187;414;-908;-384;170;-763;261;-162
-593;-242;-197;427;-904;-376;173;-756;253;-154
-601;-254;-207;439;-900;-367;176;-749;245;-145
-609;-267;-216;451;-896;-358;179;-742;238;-137
-616;-279;-226;463;-891;-350;182;-735;230;-129
-623;-291;-235;474;-886;-341;185;-727;222;-120
-631;-304;-245;486;-881;-332;188;-719;214;-112
-637;-316;-254;497;-876;-323;190;-711;206;-104
-644;-328;-263;508;-871;-314;193;-702;198;-96
-651;-340;-272;519;-865;-304;195;-694;189;-87
-657;-352;-281;530;-859;-295;198;-685;181;-79
-663;-364;-290;540;-852;-286;200;-676;173;-71
-669;-376;-299;551;-846;-276;202;-667;164;-63
-675;-388;-307;561;-839;-267;205;-658;156;-55
-681;-400;-316;571;-832;-257;207;-648;147;-47
-686;-411;-324;580;-825;-247;209;-638;138;-39
-692;-423;-333;590;-817;-238;211;-628;130;-31
-697;-434;-341;599;-809;-228;213;-618;121;-23
-701;-446;-349;608;-801;-218;214;-608;112;-15
-706;-457;-357;616;-793;-208;216;-597;103;-7
-711;-468;-364;625;-784;-199;218;-587;94;1
-715;-479;-372;633;-775;-189;219;-576;85;9
-719;-490;-380;641;-766;-179;221;-565;76;16
-723;-501;-387;648;-757;-169;222;-554;67;24
-726;-511;-394;656;-748;-159;224;-542;58;32
-730;-522;-401;663;-738;-149;225;-531;49;39
-733;-532;-408;670;-728;-139;226;-519;40;47
-736;-542;-415;676;-718;-130;228;-508;31;54
-739;-553;-422;682;-707;-120;229;-496;22;61
-741;-563;-428;689;-697;-110;230;-484;12;69
-743;-572;-435;694;-686;-100;231;-472;3;76
-746;-582;-441;700;-675;-90;232;-459;-6;83
-747;-592;-447;705;-664;-81;232;-447;-15;90
-749;-601;-453;710;-652;-71;233;-435;-25;97
-751;-610;-458;715;-641;-61;234;-422;-34;104
-752;-619;-464;719;-629;-52;234;-409;-43;111
-753;-628;-469;723;-617;-42;235;-396;-53;117
-754;-637;-474;727;-605;-33;235;-383;-62;124
-754;-645;-479;730;-592;-23;236;-370;-71;130
-755;-654;-484;733;-580;-14;236;-357;-80;137
-755;-662;-489;736;-567;-5;236;-344;-90;143
-755;-670;-493;739;-554;5;236;-331;-99;149
-755;-678;-498;741;-541;14;236;-318;-108;155
-754;-685;-502;743;-527;23;236;-304;-117;161
-753;-693;-506;745;-514;32;236;-291;-127;167
-753;-700;-509;746;-500;40;236;-277;-136;173
-751;-707;-513;747;-487;49;236;-264;-145;179
-750;-714;-516;748;-473;58;236;-250;-154;185
-749;-721;-519;749;-459;66;235;-236;-163;190
-747;-727;-522;749;-445;75;235;-222;-172;196
-745;-733;-525;749;-430;83;234;-209;-181;201
-743;-739;-528;748;-416;91;234;-195;-190;206
-740;-745;-530;748;-401;99;233;-181;-199;211
-738;-751;-533;747;-387;107;233;-167;-208;216
-735;-756;-535;745;-372;114;232;-153;-217;221
-732;-762;-536;744;-357;122;231;-139;-225;226
-729;-767;-538;742;-342;129;230;-126;-234;230
-725;-771;-540;739;-327;137;229;-112;-243;235
-722;-776;-541;737;-311;144;228;-98;-251;239
-718;-780;-542;734;-296;151;227;-84;-260;243
-714;-785;-543;731;-281;158;226;-70;-268;248
-709;-788;-544;728;-265;164;225;-56;-277;252
-705;-792;-544;724;-250;171;223;-43;-285;256
-700;-796;-544;720;-234;177;222;-29;-293;259
-696;-799;-545;716;-218;183;221;-15;-301;263
-691;-802;-545;711;-203;189;219;-1;-309;267
-685;-805;-544;706;-187;195;217;12;-317;270
-680;-807;-544;701;-171;201;216;26;-325;273
-674;-810;-543;695;-155;206;214;39;-333;276
-669;-812;-543;690;-139;211;212;53;-341;279
-663;-813;-542;684;-123;216;211;66;-348;282
-657;-815;-540;677;-107;221;209;80;-356;285
-650;-817;-539;671;-91;226;207;93;-363;288
-644;-818;-537;664;-75;230;205;106;-371;290
-637;-819;-536;657;-59;235;203;119;-378;293
-630;-819;-534;649;-43;239;201;132;-385;295
-623;-820;-532;642;-27;243;199;145;-392;297
-616;-820;-530;634;-11;246;196;158;-399;299
-609;-820;-527;625;5;250;194;171;-406;301
-602;-820;-525;617;21;253;192;183;-413;302
-594;-819;-522;608;37;256;189;196;-419;304
-586;-819;-519;599;53;259;187;208;-426;305
-578;-818;-516;590;69;262;184;221;-432;307
-570;-816;-512;580;85;264;182;233;-439;308
-562;-815;-509;571;101;266;179;245;-445;309
-554;-813;-505;561;116;268;176;257;-451;310
-545;-812;-502;550;132;270;174;268;-457;311
-536;-809;-498;540;148;272;171;280;-462;311
-528;-807;-493;529;163;273;168;291;-468;312
-519;-804;-489;518;179;274;165;303;-474;312
-510;-802;-485;507;194;275;162;314;-479;312
-501;-799;-480;496;210;276;159;325;-484;313
-491;-795;-476;484;225;276;156;336;-489;313
-482;-792;-471;472;240;276;153;346;-494;312
-472;-788;-466;460;255;276;150;357;-499;312
-463;-784;-461;448;270;276;147;367;-504;312
-453;-780;-455;436;285;276;143;377;-509;311
-443;-776;-450;423;300;275;140;387;-513;311
-433;-771;-444;410;314;274;137;397;-517;310
-423;-766;-439;397;329;273;133;406;-521;309
-413;-761;-433;384;343;272;130;416;-525;308
-403;-756;-427;371;357;271;126;425;-529;307
-392;-750;-421;357;371;269;123;434;-533;306
-382;-745;-415;344;385;267;119;443;-537;304
-372;-739;-408;330;399;265;115;451;-540;303
-361;-733;-402;316;413;263;112;460;-543;301
-350;-726;-395;302;426;260;108;468;-547;299
-340;-720;-389;288;439;258;104;476;-550;297
-329;-713;-382;273;452;255;100;483;-552;295
-318;-706;-375;259;465;252;96;491;-555;293
-307;-699;-368;244;478;248;92;498;-558;291
-296;-692;-361;229;491;245;88;505;-560;289
-285;-684;-354;215;503;241;84;512;-562;286
-274;-677;-347;200;515;237;80;519;-564;283
-263;-669;-340;184;527;233;76;525;-566;281
-252;-661;-333;169;539;229;72;531;-568;278
-241;-652;-325;154;550;224;68;537;-570;275
-230;-644;-318;139;561;220;64;542;-571;272
-219;-635;-310;123;572;215;60;548;-573;269
-207;-627;-302;108;583;210;55;553;-574;266
-196;-618;-295;92;594;205;51;558;-575;262
-185;-609;-287;76;604;199;47;562;-576;259
-174;-599;-279;61;614;194;42;567;-576;255
-162;-590;-271;45;624;188;38;571;-577;252
-151;-580;-263;29;634;182;34;575;-577;248
-140;-571;-256;13;643;176;29;578;-578;244
-128;-561;-248;-3;653;170;25;582;-578;240
-117;-551;-239;-19;661;163;20;585;-578;236
-106;-541;-231;-35;670;157;15;588;-578;232
-95;-530;-223;-51;678;150;11;590;-577;228
-83;-520;-215;-67;687;143;6;593;-577;223
-72;-509;-207;-83;694;136;2;595;-576;219
-61;-499;-199;-99;702;129;-3;597;-575;214
-50;-488;-191;-115;709;122;-8;598;-574;210
-39;-477;-183;-131;716;115;-13;599;-573;205
-28;-466;-174;-146;723;107;-17;601;-572;200
-16;-455;-166;-162;729;100;-22;601;-571;196
-5;-443;-158;-178;736;92;-27;602;-569;191
6;-432;-150;-194;741;84;-32;602;-567;186
16;-420;-142;-210;747;76;-36;602;-566;181
27;-409;-133;-226;752;68;-41;602;-564;176
38;-397;-125;-241;757;60;-46;601;-561;170
49;-385;-117;-257;762;52;-51;600;-559;165
60;-373;-109;-273;766;44;-56;599;-557;160
70;-361;-101;-288;770;35;-61;598;-554;154
81;-349;-93;-304;774;27;-66;596;-551;149
91;-337;-85;-319;778;18;-71;595;-549;143
102;-325;-77;-334;781;9;-76;593;-546;138
112;-313;-69;-349;784;1;-81;590;-543;132
122;-300;-61;-364;786;-8;-86;588;-539;126
132;-288;-53;-379;788;-17;-91;585;-536;121
142;-276;-45;-394;790;-26;-96;582;-532;115
152;-263;-37;-409;792;-35;-101;578;-529;109
162;-251;-30;-424;793;-44;-106;575;-525;103
172;-238;-22;-438;794;-53;-111;571;-521;97
181;-226;-14;-452;795;-62;-116;567;-517;91
191;-213;-7;-467;795;-71;-121;562;-513;85
200;-200;1;-481;795;-80;-126;558;-509;79
210;-188;8;-495;795;-89;-131;553;-504;73
219;-175;15;-508;794;-98;-136;548;-500;67
228;-162;23;-522;794;-108;-141;542;-495;61
237;-150;30;-535;792;-117;-147;537;-490;55
246;-137;37;-549;791;-126;-152;531;-485;48
254;-124;44;-562;789;-135;-157;525;-480;42
263;-111;51;-575;787;-144;-162;519;-475;36
271;-99;58;-587;784;-154;-167;512;-470;29
280;-86;64;-600;782;-163;-172;506;-465;23
288;-73;71;-612;778;-172;-177;499;-459;17
296;-61;78;-624;775;-181;-182;491;-454;10
304;-48;84;-636;771;-190;-187;484;-448;4
312;-36;90;-648;767;-199;-192;477;-443;-2
319;-23;97;-659;763;-208;-197;469;-437;-9
327;-10;103;-671;758;-217;-202;461;-431;-15
334;2;109;-682;753;-226;-207;453;-425;-22
341;15;115;-693;748;-235;-212;444;-419;-28
348;27;120;-703;743;-244;-217;436;-413;-34
355;39;126;-714;737;-253;-222;427;-406;-41
362;52;131;-724;731;-261;-227;418;-400;-47
368;64;137;-734;724;-270;-232;409;-393;-54
374;76;142;-743;718;-278;-237;399;-387;-60
381;88;147;-753;710;-287;-242;390;-380;-67
387;100;152;-762;703;-295;-247;380;-374;-73
392;112;157;-771;696;-304;-251;370;-367;-79
398;124;162;-780;688;-312;-256;360;-360;-86
404;136;167;-788;680;-320;-261;350;-353;-92
409;147;171;-796;671;-328;-266;340;-346;-98
414;159;175;-804;662;-336;-271;329;-339;-105
419;170;180;-812;653;-343;-275;319;-332;-111
424;182;184;-819;644;-351;-280;308;-325;-117
429;193;188;-826;635;-359;-285;297;-318;-124
433;204;191;-833;625;-366;-289;286;-310;-130
437;215;195;-839;615;-373;-294;275;-303;-136
441;226;199;-846;605;-380;-298;263;-296;-142
445;237;202;-852;594;-387;-303;252;-288;-148
449;248;205;-857;583;-394;-307;240;-281;-155
452;258;208;-863;572;-401;-312;228;-273;-161
456;269;211;-868;561;-408;-316;217;-266;-167
459;279;214;-873;550;-414;-321;205;-258;-173
462;289;217;-877;538;-420;-325;193;-251;-179
465;299;219;-881;526;-426;-329;181;-243;-185
467;309;221;-885;514;-432;-333;168;-235;-190
470;319;223;-889;502;-438;-338;156;-228;-196
472;328;225;-892;489;-444;-342;144;-220;-202
474;338;227;-895;476;-449;-346;131;-212;-208
476;347;229;-898;463;-455;-350;119;-204;-214
477;356;231;-900;450;-460;-354;106;-197;-219
479;365;232;-902;437;-465;-358;94;-189;-225
480;374;233;-904;423;-469;-362;81;-181;-230
481;382;234;-906;409;-474;-366;68;-173;-236
482;391;235;-907;395;-478;-369;55;-165;-241
483;399;236;-908;381;-483;-373;42;-158;-247
483;407;237;-909;367;-487;-377;30;-150;-252
484;415;237;-909;353;-490;-380;17;-142;-257
484;423;237;-909;338;-494;-384;4;-134;-263
484;430;237;-909;323;-497;-387;-9;-126;-268
484;438;237;-908;308;-501;-391;-22;-118;-273
483;445;237;-907;293;-504;-394;-35;-111;-278
483;452;237;-906;278;-506;-398;-48;-103;-283
482;459;237;-904;263;-509;-401;-61;-95;-288
481;465;236;-903;247;-511;-404;-74;-87;-292
480;472;235;-901;232;-514;-407;-87;-80;-297
478;478;234;-898;216;-516;-410;-100;-72;-302
477;484;233;-895;201;-517;-413;-113;-64;-306
475;490;232;-893;185;-519;-416;-126;-57;-311
473;496;231;-889;169;-520;-419;-139;-49;-315
471;501;229;-886;153;-522;-422;-152;-41;-320
469;506;228;-882;137;-522;-424;-165;-34;-324
466;511;226;-878;120;-523;-427;-177;-26;-328
464;516;224;-873;104;-524;-430;-190;-19;-332
461;521;222;-869;88;-524;-432;-203;-11;-336
458;525;220;-864;71;-524;-434;-215;-4;-340
455;529;217;-858;55;-524;-437;-228;3;-344
451;533;215;-853;39;-524;-439;-241;11;-348
448;537;212;-847;22;-523;-441;-253;18;-352
444;540;210;-841;6;-522;-443;-265;25;-355
441;544;207;-835;-11;-521;-445;-278;32;-359
437;547;204;-828;-28;-520;-447;-290;39;-362
432;550;201;-821;-44;-519;-449;-302;46;-366
428;552;197;-814;-61;-517;-451;-314;53;-369
424;555;194;-807;-78;-515;-452;-326;60;-372
419;557;191;-799;-94;-513;-454;-338;67;-375
414;559;187;-791;-111;-511;-455;-349;73;-378
409;561;183;-783;-127;-508;-457;-361;80;-381
404;562;179;-774;-144;-505;-458;-372;87;-384
399;564;175;-766;-160;-502;-459;-384;93;-387
394;565;171;-757;-177;-499;-460;-395;100;-389
388;566;167;-748;-193;-496;-461;-406;106;-392
383;566;163;-738;-210;-492;-462;-417;112;-395
377;567;159;-729;-226;-489;-463;-427;119;-397
371;567;154;-719;-243;-485;-464;-438;125;-399
365;567;150;-709;-259;-480;-464;-449;131;-401
358;567;145;-699;-275;-476;-465;-459;137;-403
352;567;140;-688;-291;-472;-465;-469;143;-406
346;566;135;-678;-307;-467;-466;-479;148;-407
339;565;130;-667;-323;-462;-466;-489;154;-409
332;564;125;-656;-339;-457;-466;-499;160;-411
325;563;120;-645;-355;-451;-466;-508;165;-413
319;561;115;-633;-370;-446;-466;-518;170;-414
311;560;110;-622;-386;-440;-466;-527;176;-416
304;558;105;-610;-401;-434;-466;-536;181;-417
297;556;99;-598;-417;-428;-465;-545;186;-418
289;553;94;-586;-432;-422;-465;-553;191;-419
282;551;88;-573;-447;-415;-464;-562;196;-420
274;548;83;-561;-462;-409;-463;-570;201;-421
267;545;77;-548;-476;-402;-463;-578;205;-422
259;542;71;-536;-491;-395;-462;-586;210;-423
251;539;65;-523;-505;-388;-461;-593;214;-424
243;535;60;-510;-520;-381;-460;-601;219;-424
235;532;54;-496;-534;-373;-459;-608;223;-425
226;528;48;-483;-548;-366;-457;-615;227;-425
218;523;42;-470;-561;-358;-456;-622;231;-426
210;519;36;-456;-575;-350;-454;-628;235;-426
201;515;30;-442;-588;-342;-453;-635;238;-426
193;510;24;-429;-602;-334;-451;-641;242;-426
184;505;18;-415;-615;-325;-449;-647;246;-426
176;500;11;-401;-627;-317;-447;-652;249;-426
167;495;5;-387;-640;-309;-445;-658;252;-426
158;489;-1;-373;-652;-300;-443;-663;256;-425
149;484;-7;-358;-664;-291;-441;-668;259;-425
140;478;-13;-344;-676;-282;-439;-673;261;-424
131;472;-20;-330;-688;-273;-436;-677;264;-424
122;466;-26;-315;-700;-264;-434;-682;267;-423
113;459;-32;-301;-711;-255;-431;-686;270;-422
104;453;-38;-286;-722;-245;-428;-690;272;-421
95;446;-45;-272;-733;-236;-425;-693;274;-420
86;439;-51;-257;-743;-226;-422;-696;276;-419
77;432;-57;-242;-753;-217;-419;-700;279;-418
67;425;-63;-228;-764;-207;-416;-702;280;-417
58;418;-69;-213;-773;-197;-413;-705;282;-416
49;410;-76;-198;-783;-188;-410;-707;284;-414
39;403;-82;-183;-792;-178;-406;-710;285;-413
30;395;-88;-169;-801;-168;-403;-711;287;-411
21;387;-94;-154;-810;-158;-399;-713;288;-410
11;379;-100;-139;-818;-148;-395;-714;289;-408
2;371;-106;-124;-827;-138;-391;-716;290;-406
-8;363;-113;-110;-834;-127;-387;-716;291;-404
-17;354;-119;-95;-842;-117;-383;-717;292;-402
-27;346;-125;-80;-849;-107;-379;-718;293;-400
-36;337;-131;-65;-857;-97;-375;-718;293;-398
-45;328;-136;-51;-863;-86;-370;-718;294;-396
-55;319;-142;-36;-870;-76;-366;-717;294;-394
-64;310;-148;-22;-876;-66;-361;-717;294;-391
-74;301;-154;-7;-882;-55;-357;-716;294;-389
-83;292;-160;7;-888;-45;-352;-715;294;-386
-92;283;-165;21;-893;-35;-347;-713;294;-384
-102;273;-171;36;-898;-24;-342;-712;294;-381
-111;264;-176;50;-903;-14;-337;-710;293;-378
-120;254;-182;64;-907;-4;-332;-708;293;-376
-130;244;-187;78;-911;7;-327;-706;292;-373
-139;234;-193;92;-915;17;-322;-703;291;-370
-148;224;-198;106;-919;27;-316;-700;290;-367
-157;214;-203;120;-922;37;-311;-697;289;-364
-166;204;-208;133;-925;48;-305;-694;288;-361
-176;194;-213;147;-927;58;-300;-691;287;-357
-185;184;-218;160;-930;68;-294;-687;285;-354
-194;174;-223;173;-932;78;-288;-683;284;-351
-203;163;-228;186;-933;88;-282;-679;282;-347
-211;153;-233;199;-935;98;-277;-675;280;-344
-220;143;-237;212;-936;108;-271;-670;278;-340
-229;132;-242;225;-936;117;-265;-665;276;-337
-238;122;-246;238;-937;127;-258;-660;274;-333
-246;111;-251;250;-937;137;-252;-655;272;-330
-255;100;-255;262;-937;146;-246;-650;270;-326
-263;90;-259;274;-936;156;-240;-644;267;-322
-272;79;-263;286;-936;165;-233;-638;265;-318
-280;68;-267;298;-934;174;-227;-632;262;-314
-288;58;-271;310;-933;183;-220;-626;259;-310
-297;47;-275;321;-931;192;-214;-619;256;-307
-305;36;-279;332;-929;201;-207;-612;253;-302
-313;25;-282;344;-927;210;-200;-606;250;-298
-321;14;-286;354;-924;219;-193;-598;247;-294
-329;3;-289;365;-922;227;-187;-591;244;-290
-336;-7;-292;376;-918;236;-180;-584;241;-286
-344;-18;-295;386;-915;244;-173;-576;237;-282
-352;-29;-298;396;-911;252;-166;-568;234;-277
-359;-40;-301;406;-907;260;-159;-560;230;-273
-366;-51;-304;415;-903;268;-152;-552;226;-269
-374;-62;-307;425;-898;276;-145;-544;222;-264
-381;-72;-309;434;-893;283;-138;-535;218;-260
-388;-83;-312;443;-888;291;-130;-527;214;-255
-395;-94;-314;452;-882;298;-123;-518;210;-251
-402;-105;-316;460;-876;305;-116;-509;206;-246
-409;-115;-318;469;-870;312;-109;-500;202;-242
-415;-126;-320;477;-864;319;-101;-490;197;-237
-422;-136;-322;485;-857;325;-94;-481;193;-233
-428;-147;-324;492;-850;332;-87;-471;188;-228
-434;-158;-326;500;-843;338;-79;-462;184;-223
-441;-168;-327;507;-836;344;-72;-452;179;-219
-447;-179;-328;514;-828;350;-65;-442;174;-214
-452;-189;-330;520;-820;356;-57;-432;170;-209
-458;-199;-331;527;-812;361;-50;-422;165;-204
-464;-209;-332;533;-804;366;-42;-412;160;-200
-470;-220;-333;539;-795;371;-35;-401;155;-195
-475;-230;-333;544;-786;376;-27;-391;150;-190
-480;-240;-334;550;-777;381;-20;-380;145;-185
-485;-250;-334;555;-767;385;-12;-369;139;-180
-490;-260;-335;560;-758;390;-5;-359;134;-176
-495;-270;-335;564;-748;394;2;-348;129;-171
-500;-279;-335;569;-738;398;10;-337;124;-166
-505;-289;-335;573;-728;401;17;-326;118;-161
-509;-299;-335;576;-717;405;25;-315;113;-156
-513;-308;-335;580;-706;408;32;-303;107;-151
-518;-317;-334;583;-695;411;40;-292;102;-146
-522;-327;-334;586;-684;413;47;-281;96;-141
-526;-336;-333;589;-673;416;54;-270;90;-136
-529;-345;-333;591;-662;418;62;-258;85;-132
-533;-354;-332;594;-650;420;69;-247;79;-127
-537;-363;-331;595;-638;422;76;-235;73;-122
-540;-372;-330;597;-626;424;84;-224;67;-117
-543;-380;-329;599;-614;425;91;-212;62;-112
-546;-389;-327;600;-601;426;98;-201;56;-107
-549;-397;-326;600;-589;427;105;-189;50;-102
-552;-406;-324;601;-576;428;112;-177;44;-97
-555;-414;-323;601;-563;428;119;-166;38;-92
-557;-422;-321;601;-550;429;126;-154;32;-88
-560;-430;-319;601;-537;429;133;-142;26;-83
-562;-438;-317;601;-524;428;140;-131;20;-78
-564;-445;-315;600;-510;428;147;-119;14;-73
-566;-453;-313;599;-497;427;154;-108;8;-68
-567;-460;-311;598;-483;426;161;-96;2;-64
-569;-468;-308;596;-469;425;167;-84;-4;-59
-571;-475;-306;594;-456;424;174;-73;-10;-54
-572;-482;-303;592;-442;422;181;-61;-16;-49
-573;-489;-300;590;-427;420;187;-50;-22;-45
-574;-495;-298;587;-413;418;194;-39;-28;-40
-575;-502;-295;585;-399;416;200;-27;-34;-35
-576;-508;-292;581;-385;413;206;-16;-41;-31
-576;-515;-289;578;-370;410;212;-5;-47;-26
-577;-521;-286;575;-356;407;219;7;-53;-21
-577;-527;-283;571;-341;404;225;18;-59;-17
-577;-533;-279;567;-327;400;231;29;-65;-12
-577;-538;-276;562;-312;397;236;40;-71;-8
-577;-544;-272;558;-297;393;242;51;-77;-3
-577;-549;-269;553;-282;389;248;62;-83;1
-576;-555;-265;548;-268;384;254;72;-89;5
-576;-560;-262;543;-253;380;259;83;-95;10
-575;-565;-258;537;-238;375;265;94;-101;14
-574;-569;-254;531;-223;370;270;104;-107;18
-573;-574;-250;525;-208;365;275;115;-113;23
-572;-578;-246;519;-193;359;280;125;-118;27
-571;-583;-242;513;-178;353;285;135;-124;31
-569;-587;-238;506;-164;348;290;145;-130;35
-568;-591;-234;499;-149;342;295;155;-136;39
-566;-594;-230;492;-134;335;299;165;-142;43
-564;-598;-225;485;-119;329;304;174;-147;47
-562;-601;-221;478;-104;322;308;184;-153;51
-560;-605;-217;470;-89;315;313;193;-159;55
-558;-608;-212;462;-75;308;317;203;-164;59
-556;-611;-208;454;-60;301;321;212;-170;63
-553;-614;-203;446;-45;293;325;221;-175;67
-551;-616;-199;438;-31;286;329;230;-181;70
-548;-619;-194;429;-16;278;332;238;-186;74
-545;-621;-190;420;-2;270;336;247;-192;78
-542;-623;-185;411;13;262;339;255;-197;81
-539;-625;-180;402;27;254;343;263;-202;85
-536;-627;-176;393;42;245;346;271;-208;88
-532;-628;-171;383;56;237;349;279;-213;91
-529;-630;-166;374;70;228;352;287;-218;95
-525;-631;-161;364;84;219;355;294;-223;98
-521;-632;-157;354;98;210;357;302;-228;101
-517;-633;-152;344;112;200;360;309;-233;105
-513;-634;-147;334;125;191;362;316;-238;108
-509;-634;-142;323;139;181;364;323;-243;111
-505;-635;-137;313;152;172;366;329;-248;114
-501;-635;-133;302;166;162;368;335;-252;117
-496;-635;-128;292;179;152;370;342;-257;120
-492;-635;-123;281;192;142;371;348;-262;122
-487;-635;-118;270;205;132;373;353;-266;125
-483;-635;-113;259;218;122;374;359;-271;128
-478;-634;-109;248;230;111;375;364;-275;130
-473;-633;-104;236;243;101;376;370;-279;133
-468;-633;-99;225;255;90;377;375;-283;136
-463;-632;-94;214;267;79;378;379;-288;138
-457;-630;-90;202;279;69;378;384;-292;140
-452;-629;-85;191;291;58;378;388;-296;143
-447;-628;-80;179;303;47;379;393;-300;145
-441;-626;-76;167;314;36;379;396;-304;147
-436;-624;-71;155;325;25;379;400;-307;149
-430;-622;-66;143;337;13;378;404;-311;151
-424;-620;-62;131;347;2;378;407;-315;153
-418;-618;-57;119;358;-9;377;410;-318;155
-412;-616;-53;107;369;-20;376;413;-322;157
-406;-613;-48;95;379;-32;376;415;-325;159
-400;-610;-44;83;389;-43;374;418;-328;160
-394;-608;-39;71;399;-55;373;420;-332;162
-388;-605;-35;59;409;-66;372;422;-335;163
-382;-602;-31;47;418;-78;370;424;-338;165
-375;-598;-27;34;428;-89;368;425;-341;166
-369;-595;-22;22;437;-101;367;426;-344;168
-362;-591;-18;10;446;-113;365;427;-347;169
-356;-588;-14;-2;454;-124;362;428;-349;170
-349;-584;-10;-14;463;-136;360;429;-352;171
-343;-580;-6;-27;471;-147;357;429;-355;172
-336;-576;-3;-39;479;-159;355;429;-357;173
-329;-572;1;-51;486;-171;352;429;-359;174
-322;-568;5;-63;494;-182;349;429;-362;175
-315;-563;9;-75;501;-194;346;428;-364;176
-309;-559;12;-88;508;-205;342;428;-366;176
-302;-554;16;-100;515;-217;339;427;-368;177
-295;-549;19;-112;521;-228;335;425;-370;177
-288;-544;23;-124;528;-240;331;424;-372;178
-280;-539;26;-136;534;-251;327;422;-374;178
-273;-534;29;-148;539;-262;323;420;-375;178
-266;-529;32;-159;545;-274;319;418;-377;179
-259;-524;35;-171;550;-285;314;416;-378;179
-252;-518;38;-183;555;-296;310;413;-380;179
-245;-513;41;-195;560;-307;305;411;-381;179
-237;-507;44;-206;564;-318;300;408;-382;179
-230;-501;46;-218;569;-329;295;405;-383;179
-223;-495;49;-229;573;-340;290;401;-385;178
-215;-490;52;-240;576;-351;285;398;-385;178
-208;-484;54;-252;580;-361;279;394;-386;178
-201;-477;56;-263;583;-372;273;390;-387;177
-193;-471;59;-274;586;-382;268;386;-388;177
-186;-465;61;-285;589;-393;262;381;-388;176
-179;-459;63;-295;591;-403;256;377;-389;175
-171;-452;65;-306;593;-413;250;372;-389;175
-164;-446;67;-317;595;-423;243;367;-390;174
-156;-439;68;-327;597;-433;237;362;-390;173
-149;-432;70;-337;598;-443;230;356;-390;172
-142;-426;71;-348;599;-452;223;351;-390;171
-134;-419;73;-358;600;-462;217;345;-390;170
-127;-412;74;-368;600;-471;210;339;-390;169
-120;-405;75;-377;601;-480;203;333;-390;167
-112;-398;77;-387;601;-489;195;327;-390;166
-105;-391;78;-397;601;-498;188;320;-390;164
-98;-384;79;-406;600;-507;181;314;-389;163
-90;-377;79;-415;599;-515;173;307;-389;161
-83;-369;80;-424;599;-524;165;300;-388;160
-76;-362;81;-433;597;-532;158;293;-387;158
-69;-355;81;-442;596;-540;150;285;-387;156
-61;-347;82;-450;594;-548;142;278;-386;155
-54;-340;82;-459;592;-555;133;270;-385;153
-47;-332;82;-467;590;-563;125;263;-384;151
-40;-325;82;-475;587;-570;117;255;-383;149
-33;-317;82;-483;585;-577;109;247;-382;146
-26;-310;82;-491;582;-584;100;239;-381;144
-19;-302;82;-498;578;-591;91;230;-379;142
-12;-295;81;-506;575;-597;83;222;-378;140
-5;-287;81;-513;571;-604;74;213;-377;137
2;-279;81;-520;567;-610;65;205;-375;135
9;-272;80;-526;563;-616;56;196;-374;132
16;-264;79;-533;559;-622;47;187;-372;130
22;-256;78;-539;554;-627;38;178;-370;127
29;-248;77;-546;549;-632;29;169;-368;125
36;-241;76;-552;544;-637;20;160;-367;122
42;-233;75;-557;539;-642;11;151;-365;119
49;-225;74;-563;534;-647;1;141;-363;116
55;-217;73;-568;528;-651;-8;132;-361;113
61;-209;71;-574;522;-655;-18;122;-359;110
68;-202;70;-579;516;-659;-27;113;-356;107
74;-194;68;-583;509;-663;-37;103;-354;104
80;-186;66;-588;503;-666;-46;93;-352;101
86;-178;64;-592;496;-670;-56;83;-350;98
92;-171;62;-597;489;-673;-66;73;-347;95
98;-163;60;-601;482;-676;-75;63;-345;91
104;-155;58;-604;475;-678;-85;53;-342;88
110;-147;56;-608;467;-680;-95;43;-339;85
116;-140;54;-611;459;-682;-105;33;-337;81
122;-132;51;-614;451;-684;-114;23;-334;78
127;-124;49;-617;443;-686;-124;13;-331;74
133;-117;46;-620;435;-687;-134;3;-329;70
138;-109;44;-622;427;-688;-144;-8;-326;67
144;-101;41;-625;418;-689;-154;-18;-323;63
149;-94;38;-627;409;-690;-164;-28;-320;59
154;-86;35;-628;400;-690;-174;-39;-317;56
159;-79;33;-630;391;-690;-183;-49;-314;52
164;-71;30;-632;382;-690;-193;-59;-311;48
169;-64;26;-633;373;-690;-203;-70;-308;44
174;-56;23;-634;363;-689;-213;-80;-304;40
179;-49;20;-634;353;-688;-223;-90;-301;36
183;-42;17;-635;344;-687;-233;-101;-298;32
188;-34;13;-635;334;-686;-242;-111;-295;28
192;-27;10;-636;324;-684;-252;-121;-291;24
197;-20;6;-635;314;-683;-262;-131;-288;20
201;-13;3;-635;303;-681;-271;-141;-284;16
205;-6;-1;-635;293;-678;-281;-152;-281;12
209;1;-4;-634;282;-676;-291;-162;-277;7
213;8;-8;-633;272;-673;-300;-172;-274;3
217;15;-12;-632;261;-670;-310;-182;-270;-1
221;22;-16;-631;250;-667;-319;-192;-267;-5
225;29;-20;-629;239;-663;-329;-202;-263;-10
228;35;-23;-627;228;-660;-338;-212;-259;-14
232;42;-27;-626;217;-656;-347;-221;-256;-18
235;48;-31;-623;206;-652;-356;-231;-252;-23
238;55;-35;-621;195;-647;-366;-241;-248;-27
241;61;-40;-619;183;-643;-375;-250;-245;-32
244;68;-44;-616;172;-638;-384;-260;-241;-36
247;74;-48;-613;161;-633;-393;-269;-237;-40
250;80;-52;-610;149;-627;-401;-278;-233;-45
253;87;-56;-607;138;-622;-410;-288;-229;-49
256;93;-60;-603;126;-616;-419;-297;-226;-54
258;99;-65;-600;114;-610;-427;-306;-222;-58
260;105;-69;-596;103;-604;-436;-315;-218;-63
263;110;-73;-592;91;-598;-444;-323;-214;-67
265;116;-78;-588;79;-591;-452;-332;-210;-72
267;122;-82;-583;68;-585;-461;-341;-206;-76
269;128;-86;-579;56;-578;-469;-349;-202;-81
271;133;-91;-574;44;-571;-476;-357;-198;-86
273;138;-95;-569;32;-563;-484;-366;-194;-90
274;144;-99;-565;20;-556;-492;-374;-190;-95
276;149;-104;-559;9;-548;-499;-382;-186;-99
277;154;-108;-554;-3;-540;-507;-389;-182;-104
278;159;-113;-549;-15;-532;-514;-397;-178;-108
279;164;-117;-543;-27;-524;-521;-404;-174;-113
280;169;-121;-537;-39;-515;-528;-412;-170;-117
281;174;-126;-531;-50;-507;-535;-419;-166;-122
282;179;-130;-525;-62;-498;-542;-426;-162;-126
283;183;-134;-519;-74;-489;-549;-433;-158;-131
284;188;-139;-513;-86;-480;-555;-439;-154;-135
284;192;-143;-506;-97;-471;-562;-446;-150;-140
284;197;-147;-500;-109;-461;-568;-452;-147;-144
285;201;-152;-493;-120;-452;-574;-459;-143;-149
285;205;-156;-486;-132;-442;-580;-465;-139;-153
285;209;-160;-479;-143;-432;-585;-470;-135;-158
285;213;-164;-472;-155;-423;-591;-476;-131;-162
285;217;-168;-465;-166;-412;-596;-482;-127;-166
284;221;-172;-457;-177;-402;-601;-487;-123;-171
284;224;-177;-450;-188;-392;-606;-492;-119;-175
283;228;-181;-443;-200;-381;-611;-497;-115;-179
283;231;-185;-435;-211;-371;-616;-502;-111;-184
282;235;-189;-427;-222;-360;-620;-506;-107;-188
281;238;-192;-419;-232;-349;-625;-511;-103;-192
280;241;-196;-411;-243;-339;-629;-515;-99;-196
279;244;-200;-403;-254;-328;-633;-519;-96;-200
278;247;-204;-395;-265;-317;-637;-523;-92;-205
277;250;-208;-387;-275;-305;-640;-526;-88;-209
275;253;-211;-379;-286;-294;-644;-530;-84;-213
274;255;-215;-371;-296;-283;-647;-533;-80;-217
272;258;-219;-362;-306;-271;-650;-536;-77;-221
270;260;-222;-354;-316;-260;-653;-539;-73;-225
269;263;-225;-345;-326;-249;-656;-541;-69;-229
267;265;-229;-337;-336;-237;-658;-543;-65;-233
265;267;-232;-328;-346;-225;-660;-546;-62;-236
262;269;-235;-320;-355;-214;-662;-548;-58;-240
260;271;-239;-311;-365;-202;-664;-549;-55;-244
258;273;-242;-302;-374;-190;-666;-551;-51;-248
256;274;-245;-293;-383;-178;-667;-552;-47;-251
253;276;-248;-284;-392;-167;-669;-553;-44;-255
250;278;-251;-276;-401;-155;-670;-554;-40;-258
248;279;-253;-267;-410;-143;-671;-555;-37;-262
245;280;-256;-258;-418;-131;-671;-555;-33;-265
242;281;-259;-249;-427;-119;-672;-556;-30;-269
239;282;-261;-240;-435;-107;-672;-556;-27;-272
236;283;-264;-231;-443;-95;-672;-556;-23;-276
233;284;-266;-222;-451;-83;-672;-555;-20;-279
229;285;-268;-213;-459;-71;-672;-555;-17;-282
226;286;-271;-204;-467;-60;-671;-554;-13;-285
223;286;-273;-195;-474;-48;-670;-553;-10;-288
219;287;-275;-186;-482;-36;-669;-552;-7;-291
215;287;-277;-177;-489;-24;-668;-550;-4;-294
212;287;-279;-168;-496;-12;-667;-549;-1;-297
208;288;-281;-159;-503;-1;-665;-547;3;-300
204;288;-282;-150;-510;11;-663;-545;6;-303
200;288;-284;-142;-516;23;-661;-543;9;-305
196;287;-285;-133;-522;34;-659;-540;12;-308
192;287;-287;-124;-529;46;-657;-538;15;-311
188;287;-288;-115;-534;57;-654;-535;18;-313
184;286;-289;-106;-540;69;-651;-532;20;-316
179;286;-290;-98;-546;80;-648;-529;23;-318
175;285;-291;-89;-551;91;-645;-525;26;-320
170;285;-292;-80;-556;103;-641;-522;29;-323
166;284;-293;-72;-562;114;-638;-518;32;-325
161;283;-294;-63;-566;125;-634;-514;34;-327
157;282;-294;-55;-571;136;-630;-510;37;-329
152;281;-295;-46;-576;146;-626;-506;39;-331
147;279;-295;-38;-580;157;-621;-501;42;-333
142;278;-296;-29;-584;168;-616;-496;45;-335
137;277;-296;-21;-588;178;-612;-491;47;-337
132;275;-296;-13;-592;189;-607;-486;50;-338
127;274;-296;-5;-595;199;-601;-481;52;-340
122;272;-296;3;-598;209;-596;-476;54;-341
117;270;-296;11;-601;219;-590;-470;57;-343
112;269;-295;19;-604;229;-584;-464;59;-344
107;267;-295;26;-607;239;-578;-458;61;-346
101;265;-295;34;-610;248;-572;-452;63;-347
96;263;-294;42;-612;258;-566;-446;65;-348
91;260;-293;49;-614;267;-559;-440;68;-349
85;258;-292;57;-616;276;-553;-433;70;-350
80;256;-292;64;-618;285;-546;-427;72;-351
74;253;-291;71;-619;294;-539;-420;74;-352
69;251;-289;78;-621;303;-531;-413;75;-353
63;248;-288;85;-622;311;-524;-406;77;-353
57;246;-287;92;-623;319;-516;-398;79;-354
52;243;-286;99;-624;328;-509;-391;81;-355
46;240;-284;105;-624;336;-501;-384;83;-355
40;237;-282;112;-625;343;-493;-376;84;-355
35;234;-281;118;-625;351;-484;-368;86;-356
29;231;-279;125;-625;359;-476;-360;88;-356
23;228;-277;131;-625;366;-467;-352;89;-356
17;225;-275;137;-625;373;-459;-344;91;-356
12;222;-273;143;-624;380;-450;-336;92;-356
6;218;-271;149;-623;387;-441;-328;94;-356
0;215;-269;154;-622;393;-432;-319;95;-356
-6;212;-266;160;-621;399;-423;-311;96;-356
-12;208;-264;165;-620;406;-413;-302;98;-355
-18;205;-261;171;-619;411;-404;-294;99;-355
-24;201;-259;176;-617;417;-394;-285;100;-354
-30;197;-256;181;-615;423;-384;-276;101;-354
-36;193;-253;186;-613;428;-374;-267;102;-353
-42;190;-250;190;-611;433;-364;-258;103;-353
-48;186;-247;195;-609;438;-354;-249;104;-352
-53;182;-244;199;-606;442;-344;-240;105;-351
-59;178;-241;204;-603;447;-334;-231;106;-350
-65;174;-238;208;-600;451;-323;-222;107;-349
-71;170;-235;212;-597;455;-313;-212;108;-348
-77;165;-231;216;-594;459;-302;-203;109;-347
-83;161;-228;220;-591;462;-291;-194;109;-345
-89;157;-224;223;-587;466;-281;-184;110;-344
-95;153;-221;227;-584;469;-270;-175;111;-343
-101;148;-217;230;-580;472;-259;-165;111;-341
-107;144;-214;233;-576;474;-248;-156;112;-340
-112;139;-210;236;-572;477;-237;-146;112;-338
-118;135;-206;239;-567;479;-225;-137;113;-336
-124;130;-202;242;-563;481;-214;-127;113;-335
-130;126;-198;244;-558;483;-203;-118;114;-333
-136;121;-194;246;-554;484;-191;-108;114;-331
-141;117;-190;249;-549;485;-180;-99;114;-329
-147;112;-186;251;-544;486;-168;-89;114;-327
-153;107;-182;253;-539;487;-157;-80;115;-325
-158;102;-178;255;-533;488;-145;-70;115;-323
-164;98;-173;256;-528;488;-134;-61;115;-320
-170;93;-169;258;-522;488;-122;-51;115;-318
-175;88;-165;259;-517;488;-111;-42;115;-316
-181;83;-160;260;-511;488;-99;-32;115;-313
-186;78;-156;261;-505;487;-87;-23;115;-311
-192;73;-151;262;-499;486;-75;-14;115;-308
-197;68;-147;263;-493;485;-64;-4;114;-306
-202;63;-142;263;-487;484;-52;5;114;-303
-208;58;-138;264;-480;482;-40;14;114;-300
-213;53;-133;264;-474;481;-29;23;114;-298
-218;48;-128;264;-467;479;-17;32;113;-295
-223;43;-124;264;-461;477;-5;41;113;-292
-228;38;-119;264;-454;474;6;50;112;-289
-234;32;-114;264;-447;472;18;59;112;-286
-239;27;-110;264;-440;469;30;67;111;-283
-243;22;-105;263;-433;466;41;76;111;-280
-248;17;-100;262;-426;462;53;85;110;-276
-253;12;-95;261;-419;459;64;93;109;-273
-258;6;-90;260;-411;455;76;102;109;-270
-263;1;-86;259;-404;451;87;110;108;-267
-267;-4;-81;258;-397;447;99;118;107;-263
-272;-9;-76;257;-389;443;110;126;106;-260
-276;-15;-71;255;-382;438;121;134;106;-256
-281;-20;-66;253;-374;433;133;142;105;-253
-285;-25;-62;251;-366;428;144;150;104;-249
-290;-30;-57;250;-359;423;155;157;103;-246
-294;-36;-52;247;-351;418;166;165;102;-242
-298;-41;-47;245;-343;412;177;172;101;-238
-302;-46;-42;243;-335;407;188;179;99;-235
-306;-51;-38;240;-327;401;198;186;98;-231
-310;-57;-33;238;-319;395;209;193;97;-227
-314;-62;-28;235;-311;388;220;200;96;-223
-318;-67;-23;232;-303;382;230;207;95;-219
-322;-73;-19;229;-295;375;240;213;93;-216
-325;-78;-14;226;-287;368;251;220;92;-212
-329;-83;-10;223;-279;361;261;226;90;-208
-332;-88;-5;220;-270;354;271;232;89;-204
-336;-94;0;216;-262;347;281;238;88;-200
-339;-99;4;213;-254;339;290;243;86;-196
-342;-104;9;209;-246;332;300;249;84;-192
-346;-109;13;206;-237;324;309;254;83;-188
-349;-114;18;202;-229;316;319;260;81;-184
-352;-119;22;198;-221;308;328;265;80;-180
-355;-125;26;194;-213;299;337;269;78;-175
-358;-130;31;190;-204;291;346;274;76;-171
-360;-135;35;185;-196;282;355;279;74;-167
-363;-140;39;181;-188;274;363;283;73;-163
-366;-145;43;177;-180;265;372;287;71;-159
-368;-150;47;172;-172;256;380;291;69;-155
-370;-155;51;168;-163;247;388;295;67;-151
-373;-160;55;163;-155;237;396;298;65;-146
-375;-165;59;158;-147;228;404;302;63;-142
-377;-170;63;153;-139;219;412;305;61;-138
-379;-175;67;148;-131;209;419;308;59;-134
-381;-180;71;143;-123;199;426;311;57;-130
-383;-184;74;138;-115;190;433;314;55;-125
-385;-189;78;133;-107;180;440;316;52;-121
-386;-194;81;128;-99;170;447;318;50;-117
-388;-199;85;123;-91;160;453;320;48;-113
-389;-204;88;118;-83;150;460;322;46;-109
-391;-208;91;112;-75;139;466;324;44;-104
-392;-213;95;107;-67;129;472;325;41;-100
-393;-217;98;101;-60;119;477;326;39;-96
-394;-222;101;96;-52;108;483;327;36;-92
-395;-227;104;90;-44;98;488;328;34;-88
-396;-231;107;85;-37;87;493;329;32;-84
-397;-235;110;79;-29;77;498;329;29;-80
-398;-240;112;73;-22;66;503;329;27;-75
-399;-244;115;67;-14;55;507;329;24;-71
-399;-249;117;62;-7;45;511;329;22;-67
-400;-253;120;56;0;34;515;329;19;-63
-400;-257;122;50;7;23;519;328;16;-59
-400;-261;125;44;14;12;523;327;14;-55
-400;-265;127;38;21;1;526;326;11;-51
-400;-269;129;32;28;-10;529;325;8;-47
-400;-273;131;26;35;-21;532;324;6;-43
-400;-277;133;20;42;-32;535;322;3;-39
-400;-281;135;14;49;-42;537;320;0;-36
-400;-285;136;8;55;-53;539;318;-3;-32
-399;-289;138;2;62;-64;541;316;-6;-28
-399;-293;139;-4;68;-75;543;313;-8;-24
-398;-297;141;-10;75;-86;545;311;-11;-20
-398;-300;142;-16;81;-97;546;308;-14;-17
-397;-304;143;-22;87;-108;547;305;-17;-13
-396;-307;144;-28;93;-119;548;302;-20;-9
-395;-311;145;-34;99;-130;548;298;-23;-6
-394;-314;146;-40;105;-140;549;295;-26;-2
-393;-318;147;-46;111;-151;549;291;-29;1
-392;-321;148;-52;116;-162;548;287;-32;5
-391;-324;148;-58;122;-173;548;283;-35;8
-389;-327;149;-64;127;-183;547;278;-38;11
-388;-331;149;-70;132;-194;547;274;-41;15
-386;-334;150;-76;138;-204;545;269;-45;18
-385;-337;150;-82;143;-215;544;264;-48;21
-383;-340;150;-88;148;-225;542;259;-51;24
-381;-343;150;-93;153;-236;541;254;-54;28
-379;-345;150;-99;157;-246;539;248;-57;31
-377;-348;149;-105;162;-256;536;243;-60;34
-375;-351;149;-111;167;-266;534;237;-64;37
-373;-354;149;-117;171;-276;531;231;-67;40
-371;-356;148;-122;175;-286;528;225;-70;43
-369;-359;147;-128;180;-296;525;219;-73;45
-367;-361;146;-133;184;-306;521;212;-77;48
-364;-363;146;-139;188;-315;517;206;-80;51
-362;-366;145;-145;191;-325;514;199;-83;53
-359;-368;143;-150;195;-334;509;192;-86;56
-356;-370;142;-155;199;-344;505;185;-90;59
-354;-372;141;-161;202;-353;500;178;-93;61
-351;-374;140;-166;206;-362;495;171;-96;64
-348;-376;138;-171;209;-371;490;164;-100;66
-345;-378;136;-176;212;-380;485;156;-103;68
-342;-380;135;-182;215;-388;480;148;-107;70
-339;-382;133;-187;218;-397;474;141;-110;73
-336;-383;131;-192;221;-405;468;133;-113;75
-333;-385;129;-196;223;-414;462;125;-117;77
-330;-386;127;-201;226;-422;455;117;-120;79
-326;-388;125;-206;228;-430;449;108;-123;81
-323;-389;122;-211;230;-438;442;100;-127;83
-320;-391;120;-215;232;-446;435;92;-130;84
-316;-392;117;-220;234;-453;428;83;-134;86
-313;-393;115;-224;236;-461;420;75;-137;88
-309;-394;112;-229;238;-468;413;66;-141;89
-306;-395;109;-233;240;-475;405;57;-144;91
-302;-396;106;-237;241;-482;397;48;-147;92
-298;-397;103;-242;243;-489;389;39;-151;94
-294;-398;100;-246;244;-495;380;30;-154;95
-291;-398;97;-250;245;-502;372;21;-158;96
-287;-399;94;-254;246;-508;363;12;-161;98
-283;-400;91;-257;247;-514;354;3;-164;99
-279;-400;87;-261;248;-520;345;-6;-168;100
-275;-401;84;-265;248;-526;336;-16;-171;101
-271;-401;80;-268;249;-532;326;-25;-175;102
-267;-401;76;-272;249;-537;317;-34;-178;102
-263;-401;73;-275;250;-542;307;-44;-181;103
-258;-402;69;-278;250;-547;297;-53;-185;104
-254;-402;65;-281;250;-552;287;-63;-188;105
-250;-402;61;-285;250;-557;277;-72;-191;105
-246;-402;57;-288;250;-561;266;-82;-195;106
-241;-401;53;-290;249;-566;256;-92;-198;106
-237;-401;49;-293;249;-570;245;-101;-201;107
-233;-401;44;-296;248;-574;234;-111;-205;107
-228;-400;40;-298;248;-577;224;-120;-208;107
-224;-400;36;-301;247;-581;213;-130;-211;107
-220;-399;31;-303;246;-584;201;-139;-214;107
-215;-399;27;-306;245;-587;190;-149;-218;107
-211;-398;22;-308;244;-590;179;-158;-221;107
-206;-397;18;-310;243;-593;167;-168;-224;107
-202;-397;13;-312;242;-596;156;-178;-227;107
-197;-396;8;-314;240;-598;144;-187;-230;107
-193;-395;4;-315;239;-600;132;-196;-233;107
-188;-394;-1;-317;237;-602;120;-206;-237;106
-184;-393;-6;-319;236;-604;108;-215;-240;106
-179;-391;-11;-320;234;-605;96;-225;-243;105
-175;-390;-16;-321;232;-607;84;-234;-246;105
-170;-389;-21;-323;230;-608;72;-243;-249;104
-166;-387;-26;-324;228;-609;59;-252;-252;104
-161;-386;-31;-325;226;-610;47;-261;-255;103
-156;-384;-36;-326;224;-610;34;-270;-258;102
-152;-383;-41;-327;221;-611;22;-279;-261;101
-147;-381;-46;-327;219;-611;9;-288;-263;100
-143;-379;-51;-328;216;-611;-3;-297;-266;99
-138;-377;-57;-328;214;-611;-16;-306;-269;98
-134;-376;-62;-329;211;-610;-29;-314;-272;97
-129;-374;-67;-329;208;-610;-41;-323;-275;96
-125;-372;-72;-329;205;-609;-54;-331;-277;95
-120;-369;-78;-329;203;-608;-67;-339;-280;93
-115;-367;-83;-329;200;-607;-80;-348;-283;92
-111;-365;-88;-329;196;-605;-92;-356;-285;91
-106;-363;-94;-329;193;-604;-105;-364;-288;89
-102;-360;-99;-329;190;-602;-118;-372;-290;88
-98;-358;-104;-328;187;-600;-131;-379;-293;86
-93;-356;-110;-328;183;-598;-144;-387;-295;85
-89;-353;-115;-327;180;-595;-156;-395;-298;83
-84;-350;-120;-326;176;-593;-169;-402;-300;81
-80;-348;-126;-326;173;-590;-182;-409;-302;80
-76;-345;-131;-325;169;-587;-195;-416;-305;78
-71;-342;-136;-324;165;-584;-207;-423;-307;76
-67;-339;-142;-322;162;-581;-220;-430;-309;74
-63;-337;-147;-321;158;-578;-233;-437;-311;72
-58;-334;-152;-320;154;-574;-245;-443;-313;70
-54;-331;-158;-319;150;-570;-258;-450;-315;68
-50;-327;-163;-317;146;-566;-270;-456;-317;66
-46;-324;-168;-316;142;-562;-283;-462;-319;64
-42;-321;-173;-314;138;-558;-295;-468;-321;62
-38;-318;-179;-312;134;-554;-308;-473;-323;60
-34;-315;-184;-310;129;-549;-320;-479;-325;57
-30;-311;-189;-308;125;-544;-332;-484;-327;55
-26;-308;-194;-306;121;-539;-344;-490;-328;53
-22;-304;-199;-304;117;-534;-356;-495;-330;50
-18;-301;-204;-302;112;-529;-368;-499;-332;48
-14;-297;-209;-300;108;-524;-380;-504;-333;46
-10;-294;-214;-298;103;-518;-392;-508;-335;43
-7;-290;-219;-295;99;-513;-403;-513;-336;41
-3;-286;-224;-293;94;-507;-415;-517;-337;38
1;-283;-229;-290;90;-501;-426;-521;-339;36
4;-279;-233;-287;85;-495;-438;-524;-340;33
8;-275;-238;-285;81;-489;-449;-528;-341;30
12;-271;-243;-282;76;-482;-460;-531;-342;28
15;-267;-247;-279;71;-476;-471;-534;-343;25
18;-263;-252;-276;67;-469;-481;-537;-344;22
22;-259;-256;-273;62;-463;-492;-540;-345;20
25;-255;-261;-270;57;-456;-503;-543;-346;17
28;-251;-265;-267;52;-449;-513;-545;-347;14
32;-247;-270;-264;48;-442;-523;-547;-347;12
35;-243;-274;-260;43;-435;-533;-549;-348;9
38;-239;-278;-257;38;-427;-543;-551;-349;6
41;-235;-282;-254;33;-420;-553;-552;-349;3
44;-230;-286;-250;29;-413;-563;-553;-350;0
47;-226;-290;-247;24;-405;-572;-554;-350;-3
50;-222;-294;-243;19;-397;-581;-555;-350;-5
52;-218;-298;-240;14;-390;-590;-556;-351;-8
55;-213;-302;-236;9;-382;-599;-556;-351;-11
58;-209;-305;-233;5;-374;-608;-556;-351;-14
60;-204;-309;-229;0;-366;-616;-556;-351;-17
63;-200;-313;-225;-5;-358;-625;-556;-351;-20
66;-195;-316;-221;-10;-350;-633;-556;-351;-23
68;-191;-319;-217;-15;-342;-641;-555;-351;-26
70;-186;-323;-214;-20;-333;-649;-554;-350;-29
73;-182;-326;-210;-24;-325;-656;-553;-350;-32
75;-177;-329;-206;-29;-317;-663;-552;-350;-34
77;-173;-332;-202;-34;-308;-671;-550;-349;-37
79;-168;-335;-198;-39;-300;-678;-548;-349;-40
81;-164;-338;-194;-43;-291;-684;-546;-348;-43
83;-159;-340;-190;-48;-283;-691;-544;-347;-46
85;-154;-343;-185;-53;-274;-697;-542;-347;-49
87;-150;-345;-181;-58;-266;-703;-539;-346;-52
89;-145;-348;-177;-62;-257;-709;-537;-345;-55
91;-140;-350;-173;-67;-248;-715;-534;-344;-58
92;-136;-352;-169;-72;-240;-720;-530;-343;-61
94;-131;-355;-165;-76;-231;-725;-527;-342;-64
95;-126;-357;-160;-81;-222;-730;-523;-340;-67
97;-121;-359;-156;-85;-213;-735;-519;-339;-69
98;-117;-360;-152;-90;-205;-739;-515;-338;-72
100;-112;-362;-148;-94;-196;-744;-511;-336;-75
101;-107;-364;-144;-99;-187;-748;-507;-335;-78
102;-103;-365;-139;-103;-178;-751;-502;-333;-81
103;-98;-367;-135;-108;-169;-755;-497;-332;-84
104;-93;-368;-131;-112;-161;-758;-492;-330;-86
105;-88;-369;-127;-116;-152;-761;-487;-328;-89
106;-84;-370;-122;-121;-143;-764;-482;-326;-92
107;-79;-371;-118;-125;-134;-767;-476;-324;-95
108;-74;-372;-114;-129;-126;-769;-470;-322;-97
109;-70;-373;-110;-133;-117;-771;-464;-320;-100
109;-65;-374;-106;-138;-108;-773;-458;-318;-103
110;-60;-374;-101;-142;-100;-774;-452;-316;-105
110;-56;-375;-97;-146;-91;-776;-445;-313;-108
111;-51;-375;-93;-150;-83;-777;-439;-311;-111
111;-46;-375;-89;-154;-74;-777;-432;-308;-113
111;-42;-375;-85;-158;-66;-778;-425;-306;-116
112;-37;-375;-81;-162;-57;-778;-418;-303;-118
112;-32;-375;-77;-166;-49;-778;-410;-300;-121
112;-28;-375;-73;-169;-40;-778;-403;-298;-123
112;-23;-375;-69;-173;-32;-778;-395;-295;-126
112;-19;-374;-65;-177;-24;-777;-387;-292;-128
112;-14;-374;-61;-181;-16;-776;-380;-289;-130
112;-10;-373;-57;-184;-8;-775;-371;-286;-133
112;-5;-372;-53;-188;0;-774;-363;-283;-135
112;-1;-371;-49;-191;8;-772;-355;-279;-137
111;4;-370;-45;-195;16;-770;-346;-276;-140
111;8;-369;-41;-198;24;-768;-338;-273;-142
110;12;-368;-38;-201;32;-765;-329;-269;-144
110;17;-367;-34;-205;39;-763;-320;-266;-146
109;21;-365;-30;-208;47;-760;-311;-262;-148
109;25;-364;-27;-211;54;-757;-302;-259;-150
108;29;-362;-23;-214;61;-753;-293;-255;-152
107;34;-361;-20;-217;69;-750;-283;-251;-154
107;38;-359;-16;-221;76;-746;-274;-247;-156
106;42;-357;-13;-223;83;-742;-264;-244;-158
105;46;-355;-9;-226;90;-737;-255;-240;-160
104;50;-353;-6;-229;97;-733;-245;-236;-162
103;54;-350;-3;-232;103;-728;-235;-232;-164
102;58;-348;0;-235;110;-723;-225;-228;-166
101;62;-346;3;-237;117;-717;-215;-223;-167
99;66;-343;7;-240;123;-712;-205;-219;-169
98;70;-340;10;-243;129;-706;-195;-215;-171
97;74;-338;12;-245;136;-700;-185;-211;-172
96;77;-335;15;-248;142;-694;-175;-206;-174
94;81;-332;18;-250;148;-688;-164;-202;-175
93;85;-329;21;-252;153;-681;-154;-197;-177
91;88;-326;24;-255;159;-674;-144;-193;-178
90;92;-323;26;-257;165;-667;-133;-188;-180
88;95;-319;29;-259;170;-660;-123;-184;-181
87;99;-316;31;-261;175;-653;-112;-179;-183
85;102;-312;34;-263;181;-645;-102;-174;-184
83;106;-309;36;-265;186;-637;-91;-170;-185
81;109;-305;38;-267;191;-629;-81;-165;-186
80;112;-302;40;-269;195;-621;-70;-160;-187
78;115;-298;43;-271;200;-612;-59;-155;-189
76;118;-294;45;-272;205;-604;-49;-150;-190
74;121;-290;47;-274;209;-595;-38;-145;-191
72;124;-286;49;-275;213;-586;-28;-140;-192
70;127;-282;50;-277;217;-577;-17;-135;-193
68;130;-278;52;-278;221;-567;-6;-130;-194
66;133;-273;54;-280;225;-558;4;-125;-194
64;136;-269;55;-281;229;-548;15;-120;-195
62;139;-265;57;-283;232;-538;25;-115;-196
59;141;-260;58;-284;236;-528;36;-110;-197
57;144;-256;60;-285;239;-518;46;-105;-197
55;146;-251;61;-286;242;-508;57;-100;-198
53;149;-247;62;-287;245;-497;67;-94;-199
50;151;-242;63;-288;248;-487;77;-89;-199
48;153;-237;64;-289;250;-476;88;-84;-200
46;156;-232;65;-290;253;-465;98;-79;-200
43;158;-228;66;-291;255;-454;108;-73;-201
41;160;-223;67;-291;257;-443;118;-68;-201
38;162;-218;67;-292;259;-432;128;-63;-202
36;164;-213;68;-293;261;-420;138;-57;-202
33;166;-208;68;-293;263;-409;148;-52;-202
31;168;-203;69;-294;265;-397;157;-47;-203
28;169;-197;69;-294;266;-386;167;-42;-203
26;171;-192;69;-295;267;-374;176;-36;-203
23;173;-187;70;-295;269;-362;186;-31;-203
20;174;-182;70;-295;270;-350;195;-26;-203
18;175;-177;70;-296;270;-338;204;-20;-203
15;177;-171;70;-296;271;-326;214;-15;-203
13;178;-166;70;-296;272;-313;222;-10;-203
10;179;-161;69;-296;272;-301;231;-4;-203
7;181;-155;69;-296;272;-289;240;1;-203
4;182;-150;69;-296;273;-276;249;6;-203
2;183;-144;68;-296;273;-264;257;11;-203
-1;183;-139;68;-296;272;-251;265;17;-203
-4;184;-134;67;-295;272;-239;274;22;-202
-7;185;-128;66;-295;272;-226;282;27;-202
-9;186;-123;65;-295;271;-213;290;32;-202
-12;186;-117;64;-294;270;-200;297;37;-202
-15;187;-112;64;-294;270;-188;305;42;-201
-18;187;-106;62;-294;269;-175;312;47;-201
-20;188;-101;61;-293;268;-162;319;52;-200
-23;188;-95;60;-293;266;-149;327;57;-200
-26;188;-90;59;-292;265;-136;333;62;-200
-29;188;-84;58;-291;263;-123;340;67;-199
-32;188;-79;56;-291;262;-111;347;72;-198
-35;188;-73;55;-290;260;-98;353;77;-198
-37;188;-68;53;-289;258;-85;359;82;-197
-40;188;-62;51;-288;256;-72;365;87;-197
-43;188;-57;50;-287;254;-59;371;91;-196
-46;187;-51;48;-286;252;-46;377;96;-195
-49;187;-46;46;-286;249;-34;382;101;-195
-51;187;-41;44;-285;247;-21;387;105;-194
-54;186;-35;42;-283;244;-8;392;110;-193
-57;185;-30;40;-282;242;4;397;114;-193
-60;185;-25;38;-281;239;17;402;119;-192
-63;184;-20;36;-280;236;30;406;123;-191
-65;183;-14;33;-279;233;42;410;127;-190
-68;182;-9;31;-278;229;55;414;131;-189
-71;181;-4;29;-276;226;67;418;136;-188
-74;180;1;26;-275;223;79;421;140;-188
-77;179;6;24;-274;219;92;425;144;-187
-79;177;11;21;-272;216;104;428;148;-186
-82;176;16;18;-271;212;116;431;151;-185
-85;175;21;16;-269;208;128;433;155;-184
-87;173;26;13;-268;204;140;436;159;-183
-90;171;31;10;-266;200;152;438;163;-182
-93;170;36;7;-265;196;163;440;166;-181
-95;168;40;4;-263;192;175;441;170;-180
-98;166;45;2;-262;188;187;443;173;-179
-101;164;50;-1;-260;184;198;444;176;-178
-103;162;54;-5;-258;179;209;445;180;-177
-106;160;59;-8;-257;175;220;446;183;-176
-109;158;63;-11;-255;170;231;446;186;-175
-111;156;67;-14;-253;166;242;447;189;-174
-114;154;72;-17;-251;161;253;447;192;-173
-116;152;76;-20;-250;156;264;447;195;-172
-119;149;80;-24;-248;152;274;446;197;-171
-121;147;84;-27;-246;147;285;446;200;-169
-124;144;88;-30;-244;142;295;445;202;-168
-126;142;92;-34;-242;137;305;444;205;-167
-128;139;96;-37;-240;132;315;442;207;-166
-131;136;100;-41;-238;127;325;441;209;-165
-133;134;103;-44;-236;122;334;439;211;-164
-136;131;107;-48;-234;116;344;437;213;-163
-138;128;110;-51;-232;111;353;434;215;-162
-140;125;114;-55;-230;106;362;432;217;-161
-142;122;117;-58;-228;101;371;429;219;-159
-145;119;120;-62;-226;95;380;426;220;-158
-147;116;124;-66;-224;90;388;423;222;-157
-149;112;127;-69;-222;84;396;419;223;-156
-151;109;130;-73;-220;79;405;416;224;-155
-153;106;133;-77;-218;74;413;412;225;-154
-156;102;135;-80;-216;68;420;407;227;-153
-158;99;138;-84;-213;63;428;403;227;-152
-160;95;141;-88;-211;57;435;398;228;-150
-162;92;143;-91;-209;51;442;393;229;-149
-164;88;146;-95;-207;46;449;388;229;-148
-166;85;148;-99;-205;40;456;383;230;-147
-168;81;150;-102;-202;35;463;378;230;-146
-170;77;152;-106;-200;29;469;372;230;-145
-171;73;154;-110;-198;23;475;366;231;-144
-173;69;156;-114;-196;18;481;360;231;-143
-175;66;158;-117;-194;12;487;353;230;-142
-177;62;160;-121;-191;7;492;347;230;-141
-179;58;161;-125;-189;1;497;340;230;-140
-180;54;163;-128;-187;-5;502;333;229;-139
-182;49;164;-132;-185;-10;507;326;229;-138
-184;45;165;-136;-182;-16;512;318;228;-137
-185;41;166;-139;-180;-21;516;311;227;-136
-187;37;168;-143;-178;-27;520;303;226;-135
-189;33;168;-147;-176;-32;524;295;225;-134
-190;28;169;-150;-173;-38;528;287;224;-133
-192;24;170;-154;-171;-43;531;278;222;-132
-193;20;171;-157;-169;-49;534;270;221;-131
-194;15;171;-161;-166;-54;537;261;219;-130
-196;11;172;-164;-164;-60;540;252;218;-129
-197;7;172;-168;-162;-65;543;243;216;-128
-199;2;172;-171;-160;-70;545;234;214;-127
-200;-2;172;-175;-157;-76;547;225;212;-127
-201;-7;172;-178;-155;-81;549;215;210;-126
-202;-11;172;-181;-153;-86;550;206;207;-125
-204;-16;172;-185;-151;-91;551;196;205;-124
-205;-21;171;-188;-148;-97;552;186;202;-123
-206;-25;171;-191;-146;-102;553;176;200;-123
-207;-30;170;-194;-144;-107;554;165;197;-122
-208;-34;170;-197;-142;-112;554;155;194;-121
-209;-39;169;-200;-139;-117;554;144;191;-120
-210;-44;168;-203;-137;-122;554;134;188;-120
-211;-48;167;-206;-135;-127;554;123;185;-119
-212;-53;166;-209;-133;-131;553;112;181;-118
-213;-58;165;-212;-131;-136;552;101;178;-118
-214;-63;163;-215;-128;-141;551;90;174;-117
-215;-67;162;-218;-126;-145;550;79;171;-116
-215;-72;160;-221;-124;-150;548;67;167;-116
-216;-77;159;-223;-122;-155;546;56;163;-115
-217;-82;157;-226;-120;-159;544;45;159;-114
-218;-86;155;-229;-118;-163;542;33;155;-114
-218;-91;153;-231;-116;-168;539;21;151;-113
-219;-96;151;-234;-113;-172;537;10;146;-113
-220;-101;149;-236;-111;-176;534;-2;142;-112
-220;-105;147;-238;-109;-180;530;-14;138;-112
-221;-110;144;-241;-107;-184;527;-26;133;-111
-221;-115;142;-243;-105;-188;523;-38;128;-111
-222;-120;139;-245;-103;-192;519;-50;123;-111
-222;-124;137;-247;-101;-196;515;-62;118;-110
-222;-129;134;-249;-99;-200;511;-74;113;-110
-223;-134;131;-251;-97;-203;506;-87;108;-109
-223;-138;128;-253;-95;-207;502;-99;103;-109
-223;-143;125;-255;-93;-210;497;-111;98;-109
-224;-148;122;-256;-91;-214;491;-123;92;-108
-224;-152;119;-258;-89;-217;486;-135;87;-108
-224;-157;116;-260;-87;-221;480;-148;81;-108
-224;-162;112;-261;-85;-224;474;-160;76;-107
-225;-166;109;-263;-83;-227;468;-172;70;-107
-225;-171;105;-264;-82;-230;462;-185;64;-107
-225;-175;102;-265;-80;-233;456;-197;59;-107
-225;-180;98;-267;-78;-236;449;-209;53;-107
-225;-184;94;-268;-76;-239;442;-221;47;-106
-225;-189;91;-269;-74;-241;435;-234;41;-106
-225;-193;87;-270;-72;-244;428;-246;34;-106
-225;-198;83;-271;-71;-246;421;-258;28;-106
-225;-202;79;-272;-69;-249;413;-270;22;-106
-224;-207;74;-272;-67;-251;405;-282;16;-106
-224;-211;70;-273;-66;-254;398;-294;9;-106
-224;-215;66;-274;-64;-256;389;-306;3;-106
-224;-219;62;-274;-62;-258;381;-318;-4;-105
-224;-224;57;-275;-61;-260;373;-330;-10;-105
-223;-228;53;-275;-59;-262;364;-341;-17;-105
-223;-232;48;-275;-57;-264;355;-353;-23;-105
-223;-236;44;-276;-56;-265;346;-364;-30;-105
-222;-240;39;-276;-54;-267;337;-376;-37;-105
-222;-244;34;-276;-53;-269;328;-387;-44;-105
-222;-248;30;-276;-51;-270;319;-399;-50;-105
-221;-252;25;-276;-49;-272;309;-410;-57;-106
-221;-256;20;-275;-48;-273;300;-421;-64;-106
-220;-260;15;-275;-46;-274;290;-432;-71;-106
-220;-263;10;-275;-45;-276;280;-443;-78;-106
-219;-267;5;-274;-44;-277;270;-453;-85;-106
-219;-271;0;-274;-42;-278;260;-464;-92;-106
-218;-274;-5;-273;-41;-279;250;-475;-99;-106
-217;-278;-10;-273;-39;-280;239;-485;-106;-106
-217;-282;-15;-272;-38;-280;229;-495;-113;-106
-216;-285;-20;-271;-37;-281;218;-505;-120;-106
-215;-288;-25;-270;-35;-282;208;-515;-127;-107
-215;-292;-30;-269;-34;-282;197;-525;-134;-107
-214;-295;-35;-268;-33;-283;186;-534;-141;-107
-213;-298;-41;-267;-32;-283;175;-544;-148;-107
-212;-301;-46;-266;-30;-283;164;-553;-155;-107
-212;-305;-51;-264;-29;-284;153;-562;-162;-107
-211;-308;-57;-263;-28;-284;141;-571;-169;-108
-210;-311;-62;-261;-27;-284;130;-580;-176;-108
-209;-314;-67;-260;-26;-284;119;-588;-183;-108
-208;-316;-72;-258;-25;-284;107;-597;-190;-108
-207;-319;-78;-257;-23;-284;96;-605;-197;-109
-206;-322;-83;-255;-22;-284;84;-613;-204;-109
-205;-325;-88;-253;-21;-283;73;-621;-211;-109
-204;-327;-94;-251;-20;-283;61;-628;-218;-109
-203;-330;-99;-249;-19;-283;49;-636;-225;-109
-202;-332;-104;-247;-18;-282;38;-643;-232;-110
-201;-334;-110;-245;-17;-282;26;-650;-239;-110
-200;-337;-115;-243;-16;-281;14;-657;-245;-110
-199;-339;-120;-241;-15;-280;2;-663;-252;-110
-198;-341;-126;-238;-14;-280;-10;-670;-259;-111
-197;-343;-131;-236;-13;-279;-21;-676;-265;-111
-196;-345;-136;-233;-13;-278;-33;-682;-272;-111
-195;-347;-141;-231;-12;-277;-45;-687;-279;-111
-193;-349;-147;-228;-11;-276;-57;-693;-285;-112
-192;-351;-152;-226;-10;-275;-69;-698;-291;-112
-191;-353;-157;-223;-9;-274;-81;-703;-298;-112
-190;-354;-162;-220;-8;-273;-93;-708;-304;-112
-189;-356;-167;-217;-8;-272;-104;-712;-310;-113
-187;-357;-172;-214;-7;-271;-116;-716;-316;-113
-186;-359;-177;-211;-6;-269;-128;-720;-323;-113
-185;-360;-182;-208;-5;-268;-140;-724;-329;-113
-183;-361;-187;-205;-5;-267;-151;-728;-334;-113
-182;-363;-192;-202;-4;-265;-163;-731;-340;-114
-181;-364;-197;-199;-3;-264;-175;-734;-346;-114
-179;-365;-202;-196;-3;-262;-186;-737;-352;-114
-178;-366;-207;-193;-2;-261;-198;-739;-357;-114
-177;-366;-212;-189;-2;-259;-209;-741;-363;-115
-175;-367;-216;-186;-1;-258;-221;-743;-368;-115
-174;-368;-221;-183;0;-256;-232;-745;-374;-115
-173;-369;-226;-179;0;-254;-244;-747;-379;-115
-171;-369;-230;-176;1;-253;-255;-748;-384;-115
-170;-370;-235;-172;1;-251;-266;-749;-389;-115
-168;-370;-239;-169;2;-249;-277;-749;-394;-116
-167;-370;-243;-165;2;-247;-288;-750;-399;-116
-165;-371;-248;-161;3;-246;-299;-750;-403;-116
-164;-371;-252;-158;3;-244;-310;-750;-408;-116
-162;-371;-256;-154;3;-242;-321;-749;-412;-116
-161;-371;-260;-150;4;-240;-331;-749;-417;-116
-159;-371;-264;-146;4;-238;-342;-748;-421;-116
-158;-371;-268;-143;5;-236;-352;-747;-425;-116
-156;-370;-272;-139;5;-234;-363;-745;-429;-116
-155;-370;-276;-135;5;-232;-373;-744;-433;-116
-153;-370;-280;-131;6;-230;-383;-742;-437;-117
-152;-369;-283;-127;6;-228;-393;-739;-441;-117
-150;-368;-287;-123;6;-226;-403;-737;-444;-117
-149;-368;-290;-119;7;-224;-412;-734;-447;-117
-147;-367;-294;-115;7;-222;-422;-731;-451;-117
-146;-366;-297;-111;7;-220;-431;-728;-454;-117
-144;-365;-300;-107;7;-218;-441;-725;-457;-117
-142;-365;-303;-103;7;-216;-450;-721;-460;-117
-141;-363;-306;-99;8;-213;-459;-717;-462;-117
-139;-362;-309;-95;8;-211;-468;-712;-465;-116
-138;-361;-312;-91;8;-209;-477;-708;-467;-116
-136;-360;-315;-87;8;-207;-485;-703;-470;-116
-134;-359;-318;-83;8;-205;-494;-698;-472;-116
-133;-357;-320;-79;8;-203;-502;-693;-474;-116
-131;-356;-323;-75;9;-201;-510;-687;-476;-116
-130;-354;-325;-71;9;-199;-518;-682;-477;-116
-128;-353;-327;-67;9;-197;-526;-676;-479;-116
-126;-351;-329;-63;9;-194;-533;-669;-480;-115
-125;-349;-332;-59;9;-192;-541;-663;-482;-115
-123;-347;-333;-55;9;-190;-548;-656;-483;-115
-121;-345;-335;-51;9;-188;-555;-649;-484;-115
-120;-343;-337;-47;9;-186;-562;-642;-484;-115
-118;-341;-339;-43;9;-184;-569;-635;-485;-114
-117;-339;-340;-39;9;-182;-575;-627;-486;-114
-115;-337;-342;-35;9;-180;-582;-619;-486;-114
-113;-335;-343;-31;9;-178;-588;-611;-486;-114
-112;-332;-344;-27;9;-176;-594;-603;-486;-113
-110;-330;-346;-23;9;-174;-600;-594;-486;-113
-108;-327;-347;-20;9;-172;-605;-586;-486;-113
-107;-325;-348;-16;9;-170;-611;-577;-485;-112
-105;-322;-348;-12;8;-168;-616;-568;-485;-112
-104;-320;-349;-8;8;-166;-621;-558;-484;-111
-102;-317;-350;-4;8;-164;-626;-549;-483;-111
-100;-314;-350;-1;8;-162;-630;-539;-482;-111
-99;-311;-351;3;8;-160;-635;-529;-481;-110
-97;-309;-351;7;8;-159;-639;-519;-479;-110
-96;-306;-351;10;8;-157;-643;-509;-478;-109
-94;-303;-351;14;7;-155;-647;-498;-476;-109
-92;-300;-351;17;7;-153;-650;-488;-474;-108
-91;-296;-351;21;7;-151;-654;-477;-472;-108
-89;-293;-351;24;7;-150;-657;-466;-470;-107
-88;-290;-350;28;7;-148;-660;-455;-468;-107
-86;-287;-350;31;6;-146;-662;-444;-466;-106
-85;-283;-349;35;6;-145;-665;-433;-463;-105
-83;-280;-348;38;6;-143;-667;-421;-460;-105
-82;-277;-348;41;5;-141;-669;-409;-457;-104
-80;-273;-347;44;5;-140;-671;-398;-454;-104
-78;-270;-346;47;5;-138;-673;-386;-451;-103
-77;-266;-345;50;5;-137;-674;-374;-448;-102
-75;-263;-343;53;4;-135;-676;-361;-444;-102
-74;-259;-342;56;4;-134;-677;-349;-441;-101
-73;-255;-340;59;3;-132;-677;-337;-437;-100
-71;-251;-339;62;3;-131;-678;-324;-433;-100
-70;-248;-337;65;3;-130;-678;-311;-429;-99
-68;-244;-335;68;2;-128;-679;-299;-425;-98
-67;-240;-334;70;2;-127;-679;-286;-420;-97
-65;-236;-332;73;2;-126;-678;-273;-416;-97
-64;-232;-329;75;1;-125;-678;-260;-411;-96
-62;-228;-327;78;1;-123;-677;-247;-406;-95
-61;-224;-325;80;0;-122;-676;-234;-401;-94
-60;-220;-323;83;0;-121;-675;-221;-396;-93
-58;-216;-320;85;-1;-120;-674;-207;-391;-93
-57;-212;-318;87;-1;-119;-672;-194;-386;-92
-56;-208;-315;89;-2;-118;-671;-181;-381;-91
-54;-204;-312;91;-2;-117;-669;-167;-375;-90
-53;-200;-309;93;-3;-116;-667;-154;-369;-89
-52;-196;-306;95;-3;-115;-664;-140;-364;-88
-50;-192;-303;97;-4;-114;-662;-127;-358;-87
-49;-187;-300;99;-4;-113;-659;-113;-352;-86
-48;-183;-297;100;-5;-112;-656;-100;-345;-86
-47;-179;-294;102;-6;-111;-653;-86;-339;-85
-45;-175;-290;104;-6;-111;-649;-73;-333;-84
-44;-170;-287;105;-7;-110;-646;-59;-326;-83
-43;-166;-283;106;-7;-109;-642;-46;-320;-82
-42;-162;-279;108;-8;-109;-638;-32;-313;-81
-41;-158;-276;109;-9;-108;-634;-19;-306;-80
-39;-153;-272;110;-9;-107;-630;-5;-300;-79
-38;-149;-268;111;-10;-107;-625;8;-293;-78
-37;-145;-264;112;-11;-106;-621;22;-286;-77
-36;-140;-260;113;-11;-106;-616;35;-278;-76
-35;-136;-256;114;-12;-105;-611;49;-271;-75
-34;-132;-252;114;-13;-105;-605;62;-264;-74
-33;-127;-247;115;-13;-104;-600;75;-256;-73
-32;-123;-243;115;-14;-104;-594;89;-249;-72
-31;-119;-239;116;-15;-103;-589;102;-241;-71
-30;-114;-234;116;-16;-103;-583;115;-234;-70
-29;-110;-230;117;-17;-103;-577;128;-226;-69
-28;-106;-225;117;-17;-102;-570;141;-218;-68
-27;-101;-221;117;-18;-102;-564;154;-211;-67
-26;-97;-216;117;-19;-102;-557;166;-203;-66
-25;-93;-211;117;-20;-101;-551;179;-195;-65
-24;-88;-206;117;-21;-101;-544;192;-187;-64
-24;-84;-202;116;-21;-101;-537;204;-179;-62
-23;-80;-197;116;-22;-101;-530;217;-171;-61
-22;-75;-192;116;-23;-101;-522;229;-163;-60
-21;-71;-187;115;-24;-100;-515;241;-154;-59
-20;-67;-182;115;-25;-100;-507;253;-146;-58
-20;-63;-177;114;-26;-100;-499;265;-138;-57
-19;-59;-172;113;-27;-100;-492;277;-130;-56
-18;-54;-167;112;-28;-100;-484;288;-121;-55
-17;-50;-162;111;-29;-100;-475;300;-113;-54
-17;-46;-156;110;-30;-100;-467;311;-105;-53
-16;-42;-151;109;-31;-100;-459;322;-96;-52
-16;-38;-146;108;-32;-100;-450;333;-88;-51
-15;-34;-141;107;-33;-100;-442;344;-80;-50
-14;-30;-136;106;-34;-100;-433;355;-71;-49
-14;-26;-130;104;-35;-100;-424;365;-63;-48
-13;-22;-125;103;-36;-100;-415;375;-55;-47
-13;-18;-120;101;-37;-100;-406;386;-46;-46
-12;-14;-114;99;-38;-100;-397;396;-38;-45
-12;-10;-109;98;-39;-100;-388;405;-30;-44
-12;-7;-104;96;-40;-100;-379;415;-21;-43
-11;-3;-98;94;-41;-100;-369;424;-13;-42
-11;1;-93;92;-43;-100;-360;434;-5;-41
-10;5;-88;90;-44;-101;-350;443;4;-40
-10;8;-82;88;-45;-101;-340;451;12;-39
-10;12;-77;85;-46;-101;-331;460;20;-38
-9;16;-72;83;-47;-101;-321;468;28;-37
-9;19;-67;81;-49;-101;-311;477;36;-36
-9;23;-61;78;-50;-101;-301;485;45;-35
-9;26;-56;76;-51;-101;-291;492;53;-34
-9;30;-51;73;-52;-101;-281;500;61;-33
-8;33;-46;70;-54;-101;-271;507;69;-32
-8;36;-40;68;-55;-101;-261;514;76;-31
-8;40;-35;65;-56;-102;-251;521;84;-30
-8;43;-30;62;-57;-102;-241;527;92;-29
-8;46;-25;59;-59;-102;-231;534;100;-28
-8;49;-20;56;-60;-102;-221;540;107;-28
-8;52;-15;53;-61;-102;-210;546;115;-27
-8;55;-10;50;-63;-102;-200;551;122;-26
-8;58;-5;47;-64;-102;-190;557;130;-25
-8;61;0;43;-66;-102;-180;562;137;-24
-8;64;5;40;-67;-102;-169;567;144;-23
-8;67;10;37;-68;-102;-159;571;152;-23
-8;70;15;33;-70;-102;-149;576;159;-22
-8;72;20;30;-71;-102;-138;580;166;-21
-8;75;24;26;-73;-102;-128;584;172;-20
-9;77;29;23;-74;-102;-118;587;179;-19
-9;80;33;19;-76;-102;-107;590;186;-19
-9;82;38;15;-77;-102;-97;593;192;-18
-9;85;42;12;-79;-102;-87;596;199;-17
-10;87;47;8;-80;-102;-77;599;205;-17
-10;90;51;4;-82;-102;-67;601;211;-16
-10;92;56;0;-83;-102;-56;603;217;-15
-10;94;60;-4;-85;-102;-46;605;223;-15
-11;96;64;-8;-87;-101;-36;606;229;-14
-11;98;68;-12;-88;-101;-26;607;235;-13
-12;100;72;-16;-90;-101;-16;608;240;-13
-12;102;76;-20;-91;-101;-6;609;246;-12
-12;104;80;-24;-93;-101;4;609;251;-12
-13;106;83;-28;-95;-100;13;609;256;-11
-13;107;87;-32;-96;-100;23;609;261;-11
-14;109;91;-37;-98;-100;33;609;266;-10
-14;111;94;-41;-100;-99;43;608;271;-10
-15;112;98;-45;-101;-99;52;607;275;-9
-16;114;101;-49;-103;-99;62;606;280;-9
-16;115;104;-54;-105;-98;71;604;284;-8
-17;116;107;-58;-107;-98;80;602;288;-8
-17;118;110;-62;-108;-97;90;600;292;-8
-18;119;113;-67;-110;-97;99;598;296;-7
-19;120;116;-71;-112;-96;108;596;300;-7
-19;121;119;-76;-114;-96;117;593;303;-7
-20;122;122;-80;-115;-95;126;590;307;-6
-21;123;124;-84;-117;-95;134;586;310;-6
-21;124;127;-89;-119;-94;143;583;313;-6
-22;125;129;-93;-121;-93;152;579;316;-6
-23;125;131;-98;-123;-93;160;574;318;-5
-24;126;133;-102;-124;-92;168;570;321;-5
-25;127;136;-107;-126;-91;177;565;323;-5
-25;127;137;-111;-128;-90;185;561;325;-5
-26;128;139;-116;-130;-90;193;555;327;-5
-27;128;141;-120;-132;-89;201;550;329;-5
-28;128;143;-125;-134;-88;208;544;330;-5
-29;129;144;-129;-135;-87;216;538;332;-5
-30;129;146;-133;-137;-86;223;532;333;-5
-31;129;147;-138;-139;-85;231;526;334;-5
-32;129;148;-142;-141;-84;238;519;335;-5
-32;129;149;-147;-143;-83;245;512;336;-5
-33;129;150;-151;-145;-82;252;505;336;-5
-34;129;151;-155;-147;-81;259;498;337;-5
-35;129;152;-160;-149;-80;265;491;337;-5
-36;129;152;-164;-150;-79;272;483;337;-5
-37;128;153;-168;-152;-78;278;475;337;-5
-38;128;153;-173;-154;-77;284;467;336;-5
-39;127;153;-177;-156;-75;291;458;336;-5
-40;127;153;-181;-158;-74;296;450;335;-6
-41;126;153;-185;-160;-73;302;441;334;-6
-43;126;153;-190;-162;-72;308;432;333;-6
-44;125;153;-194;-164;-70;313;423;331;-6
-45;124;153;-198;-166;-69;318;413;330;-7
-46;123;152;-202;-167;-68;323;404;328;-7
-47;123;152;-206;-169;-66;328;394;326;-7
-48;122;151;-210;-171;-65;333;384;324;-8
-49;121;150;-214;-173;-63;338;374;322;-8
-50;120;149;-218;-175;-62;342;363;320;-9
-51;118;148;-222;-177;-60;346;353;317;-9
-52;117;147;-226;-179;-59;350;342;314;-10
-54;116;146;-229;-181;-57;354;331;311;-10
-55;115;144;-233;-182;-56;358;320;308;-11
-56;113;143;-237;-184;-54;362;309;305;-11
-57;112;141;-240;-186;-53;365;298;301;-12
-58;111;139;-244;-188;-51;368;287;298;-12
-59;109;137;-247;-190;-49;371;275;294;-13
-61;107;135;-251;-192;-48;374;263;290;-14
-62;106;133;-254;-193;-46;377;252;286;-14
-63;104;131;-258;-195;-44;379;240;281;-15
-64;102;129;-261;-197;-43;381;228;277;-16
-65;101;126;-264;-199;-41;384;215;272;-16
-67;99;124;-267;-201;-39;386;203;267;-17
-68;97;121;-271;-202;-37;387;191;262;-18
-69;95;119;-274;-204;-36;389;178;257;-19
-70;93;116;-277;-206;-34;390;165;252;-20
-71;91;113;-279;-208;-32;391;153;246;-20
-73;89;110;-282;-209;-30;392;140;240;-21
-74;87;107;-285;-211;-28;393;127;235;-22
-75;85;103;-288;-213;-27;394;114;229;-23
-76;83;100;-290;-214;-25;394;101;222;-24
-77;80;96;-293;-216;-23;395;88;216;-25
-79;78;93;-295;-218;-21;395;75;210;-26
-80;76;89;-298;-219;-19;395;62;203;-27
-81;73;86;-300;-221;-17;395;48;197;-28
-82;71;82;-302;-222;-15;394;35;190;-29
-83;69;78;-305;-224;-14;394;22;183;-30
-85;66;74;-307;-225;-12;393;8;176;-31
-86;64;70;-309;-227;-10;392;-5;169;-32
-87;61;66;-311;-228;-8;391;-19;161;-33
-88;58;61;-313;-230;-6;389;-32;154;-34
-89;56;57;-314;-231;-4;388;-46;146;-36
-90;53;52;-316;-233;-2;386;-59;138;-37
-92;51;48;-318;-234;0;384;-73;131;-38
-93;48;43;-319;-236;1;382;-86;123;-39
-94;45;39;-321;-237;3;380;-100;115;-41
-95;42;34;-322;-238;5;378;-113;107;-42
-96;40;29;-323;-240;7;375;-127;98;-43
-97;37;24;-325;-241;9;373;-140;90;-44
-99;34;19;-326;-242;11;370;-154;82;-46
-100;31;14;-327;-243;12;367;-167;73;-47
-101;28;9;-328;-244;14;364;-181;64;-48
-102;25;4;-328;-246;16;360;-194;56;-50
-103;22;-1;-329;-247;18;357;-207;47;-51
-104;19;-6;-330;-248;19;353;-220;38;-53
-105;16;-11;-331;-249;21;349;-234;29;-54
-106;13;-17;-331;-250;23;345;-247;20;-56
-107;10;-22;-331;-251;24;341;-260;11;-57
-108;7;-27;-332;-252;26;337;-273;2;-59
-109;4;-33;-332;-253;28;333;-286;-7;-60
-110;1;-38;-332;-254;29;328;-299;-16;-62
-112;-2;-44;-332;-254;31;323;-311;-26;-63
-113;-5;-49;-332;-255;32;318;-324;-35;-65
-114;-8;-55;-332;-256;34;313;-337;-44;-66
-115;-11;-61;-332;-257;35;308;-349;-54;-68
-116;-15;-66;-332;-258;37;303;-362;-63;-69
-117;-18;-72;-331;-258;38;297;-374;-73;-71
-118;-21;-78;-331;-259;40;292;-386;-82;-73
-118;-24;-83;-330;-259;41;286;-398;-92;-74
-119;-27;-89;-330;-260;42;280;-410;-101;-76
-120;-30;-95;-329;-260;44;274;-422;-111;-78
-121;-34;-101;-328;-261;45;268;-434;-120;-79
-122;-37;-107;-327;-261;46;262;-445;-130;-81
-123;-40;-112;-326;-262;47;256;-456;-139;-83
-124;-43;-118;-325;-262;49;249;-468;-149;-85
-125;-46;-124;-324;-262;50;243;-479;-158;-86
-126;-50;-130;-323;-263;51;236;-490;-168;-88
-127;-53;-135;-321;-263;52;230;-501;-177;-90
-128;-56;-141;-320;-263;53;223;-511;-187;-92
-128;-59;-147;-319;-263;54;216;-522;-196;-94
-129;-62;-153;-317;-263;55;209;-532;-206;-95
-130;-66;-158;-315;-263;55;202;-542;-215;-97
-131;-69;-164;-314;-263;56;194;-552;-225;-99
-132;-72;-170;-312;-263;57;187;-562;-234;-101
-132;-75;-176;-310;-263;58;179;-572;-243;-103
-133;-78;-181;-308;-263;58;172;-581;-253;-105
-134;-81;-187;-306;-263;59;164;-590;-262;-106
-135;-85;-192;-304;-263;59;157;-600;-271;-108
-135;-88;-198;-302;-262;60;149;-608;-280;-110
-136;-91;-204;-299;-262;60;141;-617;-289;-112
-137;-94;-209;-297;-261;61;133;-626;-298;-114
-137;-97;-214;-295;-261;61;125;-634;-307;-116
-138;-100;-220;-292;-261;61;117;-642;-316;-118
-139;-103;-225;-289;-260;61;109;-650;-324;-120
-139;-106;-230;-287;-259;62;101;-657;-333;-122
-140;-109;-236;-284;-259;62;93;-665;-342;-124
-141;-113;-241;-281;-258;62;84;-672;-350;-126
-141;-116;-246;-279;-257;62;76;-679;-359;-128
-142;-119;-251;-276;-257;62;68;-686;-367;-130
-142;-122;-256;-273;-256;61;59;-692;-375;-131
-143;-125;-261;-270;-255;61;51;-699;-383;-133
-143;-127;-266;-267;-254;61;43;-705;-391;-135
-144;-130;-271;-263;-253;61;34;-711;-399;-137
-145;-133;-276;-260;-252;60;25;-716;-407;-139
-145;-136;-280;-257;-251;60;17;-722;-414;-141
-146;-139;-285;-254;-250;59;8;-727;-422;-143
-146;-142;-289;-250;-249;59;0;-732;-429;-145
-146;-145;-294;-247;-247;58;-9;-737;-436;-147
-147;-148;-298;-243;-246;57;-18;-741;-443;-149
-147;-150;-302;-240;-245;56;-26;-745;-450;-151
-148;-153;-307;-236;-243;56;-35;-749;-457;-153
-148;-156;-311;-233;-242;55;-44;-753;-464;-155
-149;-158;-315;-229;-240;54;-52;-757;-470;-157
-149;-161;-319;-225;-239;53;-61;-760;-477;-159
-149;-164;-322;-222;-237;51;-70;-763;-483;-161
-150;-166;-326;-218;-236;50;-78;-766;-489;-163
-150;-169;-330;-214;-234;49;-87;-768;-495;-165
-150;-172;-333;-210;-232;48;-95;-771;-501;-167
-151;-174;-337;-206;-230;46;-104;-773;-506;-169
-151;-177;-340;-202;-229;45;-113;-774;-512;-171
-151;-179;-343;-198;-227;43;-121;-776;-517;-173
-152;-181;-346;-194;-225;42;-130;-777;-522;-175
-152;-184;-349;-190;-223;40;-138;-778;-527;-177
-152;-186;-352;-186;-221;38;-147;-779;-532;-179
-153;-189;-355;-182;-219;36;-155;-780;-536;-181
-153;-191;-358;-178;-217;35;-164;-780;-541;-182
-153;-193;-360;-174;-214;33;-172;-780;-545;-184
-153;-195;-363;-170;-212;31;-180;-780;-549;-186
-154;-198;-365;-166;-210;29;-189;-779;-553;-188
-154;-200;-367;-161;-208;27;-197;-779;-556;-190
-154;-202;-369;-157;-205;24;-205;-778;-560;-192
-154;-204;-371;-153;-203;22;-213;-776;-563;-194
-154;-206;-373;-149;-200;20;-221;-775;-566;-196
-155;-208;-375;-144;-198;17;-229;-773;-569;-197
-155;-210;-376;-140;-195;15;-237;-771;-571;-199
-155;-212;-378;-136;-193;12;-245;-769;-574;-201
-155;-214;-379;-132;-190;10;-253;-767;-576;-203
-155;-216;-380;-127;-188;7;-261;-764;-578;-205
-155;-218;-381;-123;-185;5;-268;-761;-580;-206
-155;-220;-382;-119;-182;2;-276;-758;-582;-208
-156;-222;-383;-114;-179;-1;-283;-755;-583;-210
-156;-223;-383;-110;-177;-4;-291;-751;-584;-212
-156;-225;-384;-106;-174;-7;-298;-747;-585;-213
-156;-227;-384;-102;-171;-10;-305;-743;-586;-215
-156;-228;-385;-97;-168;-13;-312;-739;-587;-217
-156;-230;-385;-93;-165;-16;-319;-735;-587;-218
-156;-232;-385;-89;-162;-19;-326;-730;-587;-220
-156;-233;-385;-85;-159;-22;-333;-725;-587;-221
-156;-235;-384;-80;-156;-25;-340;-720;-587;-223
-156;-236;-384;-76;-153;-29;-347;-714;-587;-225
-156;-237;-383;-72;-150;-32;-353;-709;-586;-226
-156;-239;-383;-68;-146;-35;-360;-703;-585;-228
-156;-240;-382;-64;-143;-39;-366;-697;-584;-229
-156;-241;-381;-59;-140;-42;-372;-691;-583;-231
-156;-243;-380;-55;-137;-46;-378;-684;-581;-232
-156;-244;-379;-51;-133;-50;-384;-678;-580;-233
-156;-245;-377;-47;-130;-53;-390;-671;-578;-235
-156;-246;-376;-43;-127;-57;-396;-664;-576;-236
-156;-247;-374;-39;-123;-61;-402;-657;-573;-238
-156;-248;-373;-35;-120;-64;-407;-649;-571;-239
-156;-250;-371;-31;-117;-68;-413;-642;-568;-240
-156;-251;-369;-27;-113;-72;-418;-634;-565;-241
-156;-251;-367;-23;-110;-76;-423;-626;-562;-243
-156;-252;-364;-20;-106;-80;-428;-618;-558;-244
-156;-253;-362;-16;-103;-84;-433;-609;-555;-245
-156;-254;-359;-12;-99;-88;-438;-601;-551;-246
-156;-255;-357;-8;-96;-92;-443;-592;-547;-247
-156;-256;-354;-5;-92;-96;-447;-583;-543;-248
-156;-256;-351;-1;-89;-100;-451;-574;-539;-249
-156;-257;-348;3;-85;-104;-456;-565;-534;-250
-156;-258;-345;6;-82;-108;-460;-556;-529;-251
-156;-258;-342;10;-78;-112;-464;-546;-524;-252
-156;-259;-338;13;-74;-116;-468;-537;-519;-253
-156;-260;-335;16;-71;-120;-471;-527;-514;-254
-156;-260;-331;20;-67;-124;-475;-517;-508;-255
-156;-261;-327;23;-64;-129;-478;-507;-503;-256
-156;-261;-323;26;-60;-133;-481;-497;-497;-257
-156;-261;-319;29;-56;-137;-484;-487;-491;-257
-155;-262;-315;33;-53;-141;-487;-476;-484;-258
-155;-262;-311;36;-49;-145;-490;-466;-478;-259
-155;-262;-307;39;-45;-150;-493;-455;-471;-259
-155;-263;-302;42;-42;-154;-495;-445;-465;-260
-155;-263;-298;44;-38;-158;-498;-434;-458;-261
-155;-263;-293;47;-35;-163;-500;-423;-451;-261
-155;-263;-289;50;-31;-167;-502;-412;-443;-261
-155;-263;-284;53;-27;-171;-504;-401;-436;-262
-155;-263;-279;55;-24;-175;-506;-389;-428;-262
-155;-263;-274;58;-20;-180;-507;-378;-421;-263
-155;-263;-269;60;-17;-184;-509;-367;-413;-263
-154;-263;-263;63;-13;-188;-510;-355;-405;-263
-154;-263;-258;65;-9;-192;-511;-344;-397;-263
-154;-263;-253;68;-6;-197;-512;-332;-388;-264
-154;-263;-247;70;-2;-201;-513;-321;-380;-264
-154;-263;-242;72;1;-205;-514;-309;-371;-264
-154;-263;-236;74;5;-209;-515;-297;-363;-264
-154;-263;-230;76;8;-213;-515;-285;-354;-264
-154;-262;-225;78;12;-217;-515;-273;-345;-264
-153;-262;-219;80;15;-222;-515;-261;-336;-264
-153;-262;-213;82;18;-226;-515;-249;-326;-264
-153;-261;-207;84;22;-230;-515;-237;-317;-264
-153;-261;-201;85;25;-234;-515;-225;-308;-263
-153;-261;-195;87;28;-238;-514;-213;-298;-263
-153;-260;-188;88;32;-242;-514;-201;-289;-263
-153;-260;-182;90;35;-246;-513;-189;-279;-262
-153;-259;-176;91;38;-250;-512;-177;-269;-262
-152;-259;-169;92;42;-254;-511;-165;-259;-262
-152;-258;-163;94;45;-257;-509;-153;-249;-261
-152;-257;-157;95;48;-261;-508;-141;-239;-261
-152;-257;-150;96;51;-265;-507;-129;-229;-260
-152;-256;-144;97;54;-269;-505;-117;-219;-259
-152;-255;-137;98;57;-272;-503;-105;-209;-259
-152;-255;-130;99;60;-276;-501;-93;-198;-258
-151;-254;-124;99;63;-280;-499;-81;-188;-257
-151;-253;-117;100;66;-283;-497;-69;-177;-256
-151;-252;-110;101;69;-287;-494;-57;-167;-255
-151;-252;-104;101;72;-290;-492;-45;-156;-254
-151;-251;-97;102;74;-293;-489;-33;-146;-253
-151;-250;-90;102;77;-297;-486;-21;-135;-252
-150;-249;-83;103;80;-300;-484;-10;-124;-251
-150;-248;-77;103;82;-303;-480;2;-114;-250
-150;-247;-70;103;85;-306;-477;14;-103;-249
-150;-246;-63;103;87;-309;-474;25;-92;-248
-150;-245;-56;103;90;-312;-470;37;-82;-246
-149;-244;-49;103;92;-315;-467;48;-71;-245
-149;-243;-43;103;95;-318;-463;60;-60;-244
-149;-242;-36;103;97;-321;-459;71;-49;-242
-149;-241;-29;102;99;-324;-455;82;-39;-241
-149;-240;-22;102;101;-326;-451;93;-28;-239
-148;-239;-16;102;104;-329;-447;104;-17;-238
-148;-237;-9;101;106;-332;-443;115;-6;-236
-148;-236;-2;101;108;-334;-438;126;4;-234
-148;-235;4;100;110;-336;-434;137;15;-233
-147;-234;11;99;112;-339;-429;147;26;-231
-147;-232;18;98;113;-341;-424;158;36;-229
-147;-231;24;98;115;-343;-420;168;47;-227
-147;-230;31;97;117;-345;-415;179;57;-225
-146;-228;37;96;118;-347;-410;189;68;-223
-146;-227;44;95;120;-349;-404;199;78;-221
-146;-226;50;93;122;-351;-399;209;88;-219
-145;-224;57;92;123;-352;-394;219;99;-217
-145;-223;63;91;124;-354;-388;228;109;-215
-145;-221;69;90;126;-356;-383;238;119;-213
-144;-220;75;88;127;-357;-377;247;129;-210
-144;-218;81;87;128;-358;-371;256;139;-208
-144;-217;87;85;129;-360;-365;266;149;-206
-143;-215;93;84;130;-361;-359;275;159;-203
-143;-214;99;82;131;-362;-353;283;168;-201
-143;-212;105;80;132;-363;-347;292;178;-198
-142;-211;111;79;133;-364;-341;300;187;-196
-142;-209;117;77;133;-365;-335;309;197;-193
-142;-208;122;75;134;-365;-328;317;206;-190
-141;-206;128;73;134;-366;-322;325;215;-188
-141;-204;133;71;135;-366;-316;333;224;-185
-140;-203;139;69;135;-367;-309;340;233;-182
-140;-201;144;67;136;-367;-302;348;242;-180
-139;-199;149;65;136;-367;-296;355;251;-177
-139;-197;154;63;136;-368;-289;362;259;-174
-138;-196;159;60;136;-368;-282;369;268;-171
-138;-194;164;58;136;-368;-275;376;276;-168
-137;-192;169;56;136;-367;-269;383;284;-165
-137;-190;173;53;136;-367;-262;389;292;-162
-136;-189;178;51;136;-367;-255;395;300;-159
-136;-187;182;49;135;-366;-248;401;307;-156
-135;-185;187;46;135;-366;-241;407;315;-153
-135;-183;191;44;134;-365;-234;413;322;-149
-134;-181;195;41;134;-364;-226;418;329;-146
-134;-179;199;38;133;-363;-219;424;336;-143
-133;-177;203;36;132;-362;-212;429;343;-140
-132;-176;206;33;132;-361;-205;434;349;-136
-132;-174;210;30;131;-360;-198;438;356;-133
-131;-172;213;27;130;-359;-190;443;362;-130
-130;-170;217;25;129;-357;-183;447;368;-126
-130;-168;220;22;128;-356;-176;451;374;-123
-129;-166;223;19;126;-354;-168;455;380;-119
-128;-164;226;16;125;-353;-161;459;385;-116
-128;-162;229;13;124;-351;-154;462;390;-112
-127;-160;231;10;122;-349;-146;465;396;-109
-126;-158;234;7;121;-347;-139;468;400;-105
-125;-156;236;4;119;-345;-132;471;405;-102
-125;-154;238;1;117;-343;-124;474;410;-98
-124;-152;241;-2;116;-341;-117;476;414;-94
-123;-150;242;-5;114;-338;-110;478;418;-91
-122;-147;244;-8;112;-336;-102;480;422;-87
-121;-145;246;-11;110;-333;-95;482;425;-83
-120;-143;247;-14;108;-331;-88;484;429;-80
-120;-141;249;-17;106;-328;-80;485;432;-76
-119;-139;250;-21;103;-325;-73;486;435;-72
-118;-137;251;-24;101;-322;-66;487;438;-68
-117;-135;252;-27;99;-319;-59;488;440;-65
-116;-133;253;-30;96;-316;-51;489;442;-61
-115;-130;253;-33;94;-313;-44;489;444;-57
-114;-128;253;-37;91;-309;-37;489;446;-53
-113;-126;254;-40;89;-306;-30;489;448;-49
-112;-124;254;-43;86;-303;-23;489;449;-46
-111;-122;254;-46;83;-299;-16;488;450;-42
-110;-119;254;-49;80;-295;-9;487;451;-38
-109;-117;253;-53;77;-292;-2;487;452;-34
-108;-115;253;-56;74;-288;5;485;453;-30
-106;-113;252;-59;71;-284;12;484;453;-27
-105;-111;251;-62;68;-280;19;483;453;-23
-104;-108;250;-65;65;-276;25;481;453;-19
-103;-106;249;-69;62;-272;32;479;452;-15
-102;-104;248;-72;58;-268;39;477;451;-11
-101;-101;246;-75;55;-264;45;475;450;-7
-99;-99;245;-78;52;-259;52;472;449;-4
-98;-97;243;-81;48;-255;58;469;448;0
-97;-95;241;-85;44;-250;64;467;446;4
-96;-92;239;-88;41;-246;71;463;444;8
-94;-90;237;-91;37;-241;77;460;442;11
-93;-88;234;-94;33;-237;83;457;440;15
-92;-85;232;-97;30;-232;89;453;437;19
-91;-83;229;-100;26;-227;95;449;435;23
-89;-81;226;-103;22;-222;101;445;432;26
-88;-79;223;-106;18;-217;107;441;428;30
-86;-76;220;-109;14;-212;113;437;425;34
-85;-74;217;-112;10;-207;118;432;421;37
-84;-72;213;-115;6;-202;124;427;417;41
-82;-69;210;-118;2;-197;129;423;413;44
-81;-67;206;-121;-2;-192;135;417;409;48
-79;-65;202;-124;-6;-187;140;412;404;52
-78;-62;198;-127;-11;-182;145;407;399;55
-76;-60;194;-130;-15;-176;150;401;394;58
-75;-58;190;-133;-19;-171;155;396;389;62
-73;-55;185;-136;-23;-166;160;390;384;65
-72;-53;181;-138;-28;-160;165;384;378;69
-70;-51;176;-141;-32;-155;170;377;372;72
-69;-48;171;-144;-37;-149;174;371;366;75
-67;-46;166;-147;-41;-144;179;365;360;79
-66;-43;161;-149;-46;-138;183;358;354;82
-64;-41;156;-152;-50;-133;187;351;347;85
-63;-39;151;-154;-55;-127;191;344;340;88
-61;-36;145;-157;-59;-122;195;337;333;91
-59;-34;139;-159;-64;-116;199;330;326;94
-58;-32;134;-162;-68;-110;203;323;318;97
-56;-29;128;-164;-73;-105;207;315;311;100
-55;-27;122;-167;-77;-99;210;308;303;103
-53;-25;116;-169;-82;-93;214;300;295;106
-51;-23;110;-171;-87;-88;217;292;287;109
-50;-20;104;-174;-91;-82;220;284;279;112
-48;-18;97;-176;-96;-76;223;276;270;114
-46;-16;91;-178;-101;-70;226;268;262;117
-45;-13;84;-180;-105;-65;229;260;253;119
-43;-11;78;-182;-110;-59;232;251;244;122
-41;-9;71;-185;-115;-53;234;243;235;124
-39;-6;64;-187;-119;-48;237;234;226;127
-38;-4;57;-189;-124;-42;239;226;216;129
-36;-2;50;-190;-129;-36;241;217;207;131
-34;0;43;-192;-133;-31;243;208;197;134
-33;3;36;-194;-138;-25;245;199;187;136
-31;5;29;-196;-143;-19;247;190;177;138
-29;7;21;-198;-147;-14;249;181;167;140
-28;9;14;-200;-152;-8;250;172;157;142
-26;11;7;-201;-156;-2;252;163;147;144
-24;14;-1;-203;-161;3;253;154;136;145
-22;16;-9;-204;-166;9;254;144;126;147
-21;18;-16;-206;-170;14;255;135;115;149
-19;20;-24;-207;-175;20;256;126;104;150
-17;22;-32;-209;-179;25;257;116;94;152
-16;24;-39;-210;-184;30;258;107;83;153
-14;26;-47;-212;-188;36;258;97;72;155
-12;29;-55;-213;-192;41;259;87;61;156
-10;31;-63;-214;-197;46;259;78;49;157
-9;33;-71;-215;-201;52;259;68;38;158
-7;35;-79;-216;-205;57;259;58;27;159
-5;37;-87;-218;-210;62;259;48;15;160
-4;39;-95;-219;-214;67;259;39;4;161
-2;41;-103;-220;-218;72;258;29;-7;162
-1;43;-111;-221;-222;77;258;19;-19;163
1;45;-119;-222;-227;82;257;9;-31;163
3;47;-127;-222;-231;87;256;-1;-42;164
4;49;-135;-223;-235;92;255;-10;-54;164
6;50;-143;-224;-239;96;254;-20;-66;165
7;52;-151;-225;-243;101;253;-30;-77;165
9;54;-159;-225;-246;106;252;-40;-89;165
10;56;-167;-226;-250;110;250;-50;-101;165
12;58;-175;-227;-254;115;249;-60;-112;165
14;60;-183;-227;-258;119;247;-69;-124;165
15;61;-191;-228;-261;123;245;-79;-136;165
16;63;-199;-228;-265;128;243;-89;-148;165
18;65;-207;-228;-269;132;241;-99;-160;165
19;67;-215;-229;-272;136;239;-108;-171;164
21;68;-223;-229;-276;140;237;-118;-183;164
22;70;-230;-229;-279;144;234;-128;-195;163
23;71;-238;-229;-282;148;232;-137;-206;162
25;73;-246;-230;-285;152;229;-147;-218;161
26;75;-254;-230;-289;155;227;-157;-230;161
27;76;-261;-230;-292;159;224;-166;-241;160
29;78;-269;-230;-295;162;221;-175;-253;159
30;79;-277;-230;-298;166;218;-185;-264;157
31;80;-284;-230;-301;169;214;-194;-276;156
32;82;-291;-230;-303;172;211;-203;-287;155
33;83;-299;-229;-306;175;208;-213;-298;153
35;85;-306;-229;-309;179;204;-222;-309;152
36;86;-313;-229;-311;181;201;-231;-320;150
37;87;-320;-229;-314;184;197;-240;-331;148
38;88;-327;-228;-316;187;193;-249;-342;147
39;89;-334;-228;-319;190;189;-257;-353;145
40;91;-341;-228;-321;192;185;-266;-364;143
41;92;-348;-227;-323;195;181;-275;-375;141
42;93;-355;-227;-325;197;177;-283;-385;138
42;94;-361;-226;-327;199;172;-292;-396;136
43;95;-368;-226;-329;201;168;-300;-406;134
44;96;-374;-225;-331;204;164;-308;-416;131
45;97;-380;-224;-333;205;159;-317;-426;129
45;98;-386;-224;-335;207;154;-325;-436;126
46;99;-393;-223;-336;209;150;-333;-446;123
47;99;-398;-222;-338;211;145;-341;-456;121
47;100;-404;-222;-339;212;140;-348;-465;118
48;101;-410;-221;-341;213;135;-356;-475;115
48;101;-416;-220;-342;215;130;-364;-484;112
49;102;-421;-219;-343;216;125;-371;-493;108
49;103;-426;-218;-344;217;119;-378;-502;105
50;103;-432;-217;-345;218;114;-385;-511;102
50;104;-437;-216;-346;219;109;-393;-520;98
50;104;-441;-215;-347;219;103;-399;-528;95
50;105;-446;-214;-347;220;98;-406;-537;91
51;105;-451;-213;-348;220;92;-413;-545;88
51;105;-455;-212;-349;221;87;-420;-553;84
51;106;-460;-211;-349;221;81;-426;-560;80
51;106;-464;-210;-349;221;75;-432;-568;76
51;106;-468;-209;-350;221;70;-438;-576;72
51;106;-472;-208;-350;221;64;-444;-583;68
51;106;-476;-206;-350;221;58;-450;-590;64
51;106;-479;-205;-350;221;52;-456;-597;60
50;106;-483;-204;-350;220;46;-462;-603;55
50;106;-486;-203;-349;220;40;-467;-610;51
50;106;-489;-201;-349;219;34;-472;-616;46
50;106;-492;-200;-349;218;28;-478;-622;42
49;105;-495;-199;-348;217;22;-483;-628;37
49;105;-498;-197;-347;216;16;-487;-634;33
48;105;-500;-196;-347;215;10;-492;-639;28
48;104;-502;-194;-346;214;3;-497;-644;23
47;104;-505;-193;-345;212;-3;-501;-649;18
46;103;-506;-192;-344;211;-9;-505;-654;13
46;103;-508;-190;-343;209;-15;-509;-658;8
45;102;-510;-189;-342;208;-22;-513;-663;3
44;102;-511;-187;-341;206;-28;-517;-667;-2
43;101;-513;-186;-339;204;-34;-521;-671;-7
42;100;-514;-184;-338;202;-40;-524;-674;-12
41;99;-515;-183;-336;200;-47;-528;-678;-17
40;98;-515;-181;-335;197;-53;-531;-681;-23
39;97;-516;-180;-333;195;-59;-534;-684;-28
38;96;-516;-178;-331;193;-66;-537;-686;-33
37;95;-517;-176;-329;190;-72;-539;-689;-39
35;94;-517;-175;-327;187;-78;-542;-691;-44
34;93;-517;-173;-325;185;-85;-544;-693;-50
33;92;-516;-172;-323;182;-91;-546;-695;-55
31;91;-516;-170;-321;179;-97;-548;-696;-61
30;89;-515;-168;-319;176;-104;-550;-698;-67
28;88;-514;-167;-316;173;-110;-552;-699;-72
26;86;-513;-165;-314;169;-116;-553;-699;-78
25;85;-512;-163;-311;166;-123;-555;-700;-84
23;83;-511;-162;-309;162;-129;-556;-700;-90
21;82;-509;-160;-306;159;-135;-557;-700;-95
19;80;-507;-159;-303;155;-141;-558;-700;-101
18;78;-506;-157;-301;151;-147;-559;-700;-107
16;76;-503;-155;-298;148;-153;-559;-699;-113
14;74;-501;-154;-295;144;-160;-560;-698;-119
11;72;-499;-152;-292;140;-166;-560;-697;-125
9;70;-496;-150;-289;136;-172;-560;-696;-131
7;68;-493;-149;-285;131;-178;-560;-694;-137
5;66;-491;-147;-282;127;-184;-560;-692;-143
3;64;-487;-145;-279;123;-189;-559;-690;-149
0;62;-484;-144;-275;118;-195;-559;-688;-155
-2;60;-481;-142;-272;114;-201;-558;-685;-161
-4;57;-477;-140;-268;109;-207;-557;-682;-167
-7;55;-473;-139;-265;104;-213;-556;-679;-173
-9;53;-469;-137;-261;100;-218;-555;-676;-179
-12;50;-465;-135;-257;95;-224;-554;-672;-184
-15;47;-461;-134;-254;90;-229;-552;-669;-190
-17;45;-457;-132;-250;85;-235;-551;-665;-196
-20;42;-452;-130;-246;80;-240;-549;-660;-202
-23;39;-447;-129;-242;75;-246;-547;-656;-208
-26;37;-442;-127;-238;70;-251;-545;-651;-214
-29;34;-437;-126;-234;65;-256;-543;-646;-220
-32;31;-432;-124;-230;59;-261;-540;-641;-226
-35;28;-427;-122;-226;54;-266;-538;-636;-232
-38;25;-421;-121;-222;49;-271;-535;-630;-238
-41;22;-416;-119;-217;43;-276;-532;-625;-243
-44;19;-410;-118;-213;38;-281;-529;-619;-249
-47;16;-404;-116;-209;32;-286;-526;-613;-255
-50;12;-398;-115;-205;27;-291;-523;-606;-261
-53;9;-392;-113;-200;21;-295;-520;-600;-266
-57;6;-385;-111;-196;15;-300;-516;-593;-272
-60;3;-379;-110;-191;10;-304;-512;-586;-278
-63;-1;-372;-108;-187;4;-309;-509;-579;-283
-67;-4;-366;-107;-182;-2;-313;-505;-571;-289
-70;-8;-359;-105;-178;-8;-317;-501;-564;-294
-74;-11;-352;-104;-173;-14;-321;-497;-556;-300
-77;-15;-345;-102;-169;-20;-325;-492;-548;-305
-81;-19;-338;-101;-164;-25;-329;-488;-540;-310
-84;-22;-330;-100;-160;-31;-333;-484;-532;-316
-88;-26;-323;-98;-155;-37;-337;-479;-523;-321
-91;-30;-316;-97;-150;-43;-340;-474;-515;-326
-95;-34;-308;-95;-146;-49;-344;-469;-506;-331
-99;-38;-300;-94;-141;-55;-347;-464;-497;-336
-103;-41;-293;-92;-136;-61;-351;-459;-488;-341
-106;-45;-285;-91;-132;-68;-354;-454;-479;-346
-110;-49;-277;-90;-127;-74;-357;-449;-469;-351
-114;-53;-269;-88;-122;-80;-360;-444;-460;-355
-118;-57;-261;-87;-118;-86;-363;-438;-450;-360
-122;-62;-252;-86;-113;-92;-366;-433;-440;-365
-125;-66;-244;-84;-108;-98;-369;-427;-430;-369
-129;-70;-236;-83;-104;-104;-372;-421;-420;-373
-133;-74;-227;-82;-99;-110;-374;-415;-410;-378
-137;-78;-219;-81;-94;-116;-377;-409;-400;-382
-141;-83;-210;-79;-90;-122;-379;-403;-389;-386
-145;-87;-202;-78;-85;-128;-381;-397;-379;-390
-149;-91;-193;-77;-80;-134;-383;-391;-368;-394
-153;-96;-185;-76;-76;-140;-385;-385;-357;-398
-157;-100;-176;-75;-71;-146;-387;-378;-346;-402
-161;-104;-167;-73;-66;-152;-389;-372;-335;-406
-165;-109;-158;-72;-62;-158;-391;-365;-324;-409
-169;-113;-149;-71;-57;-164;-392;-359;-313;-413
-173;-118;-140;-70;-53;-170;-394;-352;-302;-416
-177;-122;-132;-69;-48;-176;-395;-346;-291;-420
-181;-127;-123;-68;-44;-182;-396;-339;-279;-423
-185;-131;-114;-67;-39;-188;-397;-332;-268;-426
-189;-136;-105;-66;-35;-194;-398;-325;-256;-429
-193;-140;-96;-65;-30;-199;-399;-318;-245;-432
-197;-145;-87;-64;-26;-205;-400;-311;-233;-435
-201;-150;-78;-63;-22;-211;-401;-304;-221;-437
-205;-154;-69;-62;-18;-217;-401;-297;-210;-440
-209;-159;-60;-61;-13;-222;-402;-290;-198;-442
-213;-164;-51;-60;-9;-228;-402;-283;-186;-444
-216;-168;-42;-59;-5;-233;-403;-276;-174;-447
-220;-173;-33;-58;-1;-239;-403;-269;-162;-449
-224;-177;-24;-57;3;-244;-403;-261;-150;-451
-228;-182;-15;-56;7;-250;-403;-254;-139;-453
-232;-187;-6;-55;11;-255;-403;-247;-127;-454
-236;-191;3;-54;15;-260;-402;-239;-115;-456
-240;-196;11;-53;19;-265;-402;-232;-103;-457
-244;-201;20;-53;23;-271;-401;-225;-91;-459
-247;-205;29;-52;27;-276;-401;-217;-79;-460
-251;-210;38;-51;30;-281;-400;-210;-67;-461
-255;-215;46;-50;34;-286;-399;-203;-55;-462
-258;-219;55;-49;37;-290;-398;-195;-43;-463
-262;-224;63;-49;41;-295;-397;-188;-32;-463
-266;-229;72;-48;44;-300;-396;-180;-20;-464
-269;-233;80;-47;48;-305;-395;-173;-8;-464
-273;-238;89;-46;51;-309;-394;-166;4;-465
-276;-243;97;-46;54;-314;-392;-158;15;-465
-280;-247;105;-45;58;-318;-391;-151;27;-465
-283;-252;113;-44;61;-323;-389;-143;38;-465
-287;-256;121;-44;64;-327;-387;-136;50;-465
-290;-261;129;-43;67;-331;-385;-129;61;-464
-293;-265;137;-43;70;-335;-383;-121;73;-464
-297;-270;145;-42;72;-339;-381;-114;84;-463
-300;-274;153;-41;75;-343;-379;-107;95;-462
-303;-278;160;-41;78;-347;-377;-99;106;-461
-306;-283;168;-40;80;-351;-375;-92;117;-460
-309;-287;175;-40;83;-354;-372;-85;128;-459
-312;-292;182;-39;85;-358;-370;-78;139;-458
-315;-296;189;-39;88;-361;-367;-70;150;-456
-318;-300;196;-38;90;-365;-365;-63;160;-455
-321;-304;203;-38;92;-368;-362;-56;171;-453
-323;-308;210;-37;94;-371;-359;-49;181;-451
-326;-313;217;-37;96;-374;-356;-42;192;-449
-329;-317;223;-36;98;-377;-353;-35;202;-447
-331;-321;230;-36;100;-380;-350;-28;212;-445
-334;-325;236;-35;102;-383;-347;-22;222;-443
-336;-329;242;-35;104;-386;-343;-15;232;-440
-339;-333;248;-35;105;-388;-340;-8;241;-437
-341;-336;254;-34;107;-391;-337;-1;251;-435
-343;-340;260;-34;108;-393;-333;5;260;-432
-345;-344;265;-33;110;-396;-330;12;270;-429
-347;-348;271;-33;111;-398;-326;18;279;-425
-349;-351;276;-33;112;-400;-322;25;288;-422
-351;-355;281;-32;113;-402;-319;31;296;-419
-353;-358;286;-32;114;-404;-315;37;305;-415
-355;-362;291;-32;115;-405;-311;44;313;-411
-357;-365;296;-31;116;-407;-307;50;322;-407
-358;-369;300;-31;116;-408;-303;56;330;-404
-360;-372;305;-31;117;-410;-299;62;338;-399
-361;-375;309;-31;118;-411;-295;68;345;-395
-363;-378;313;-30;118;-412;-291;74;353;-391
-364;-381;317;-30;118;-413;-286;79;360;-386
-365;-384;320;-30;119;-414;-282;85;368;-382
-366;-387;324;-30;119;-415;-278;91;375;-377
-367;-390;327;-30;119;-416;-273;96;381;-372
-368;-393;330;-29;119;-417;-269;102;388;-367
-369;-395;333;-29;119;-417;-264;107;395;-362
-370;-398;336;-29;119;-418;-260;112;401;-357
-370;-401;339;-29;118;-418;-255;117;407;-352
-371;-403;341;-29;118;-418;-251;122;413;-347
-371;-405;343;-29;118;-418;-246;127;418;-341
-372;-408;345;-29;117;-418;-241;132;424;-336
-372;-410;347;-28;116;-418;-236;137;429;-330
-372;-412;349;-28;116;-418;-232;142;434;-324
-372;-414;351;-28;115;-417;-227;146;439;-318
-372;-416;352;-28;114;-417;-222;151;443;-312
-372;-418;353;-28;113;-416;-217;155;448;-306
-372;-420;354;-28;112;-416;-212;159;452;-300
-371;-421;355;-28;111;-415;-207;163;456;-294
-371;-423;355;-28;109;-414;-203;167;460;-287
-370;-424;356;-28;108;-413;-198;171;463;-281
-370;-426;356;-28;107;-412;-193;175;466;-274
-369;-427;356;-28;105;-411;-188;179;469;-268
-368;-428;356;-28;104;-409;-183;182;472;-261
-367;-429;355;-28;102;-408;-178;186;475;-254
-366;-430;355;-28;100;-406;-173;189;477;-247
-365;-431;354;-28;98;-404;-168;192;480;-240
-364;-432;353;-28;96;-403;-163;196;481;-233
-363;-433;352;-28;94;-401;-158;199;483;-226
-361;-433;351;-28;92;-399;-152;202;485;-219
-360;-434;349;-28;90;-397;-147;204;486;-212
-358;-434;348;-28;88;-395;-142;207;487;-204
-356;-435;346;-28;86;-392;-137;210;488;-197
-355;-435;344;-28;83;-390;-132;212;488;-190
-353;-435;341;-29;81;-387;-127;214;489;-182
-351;-435;339;-29;78;-385;-122;217;489;-175
-348;-435;336;-29;76;-382;-117;219;489;-167
-346;-435;334;-29;73;-379;-112;221;489;-160
-344;-434;331;-29;71;-376;-107;222;488;-152
-341;-434;327;-29;68;-373;-102;224;487;-144
-339;-433;324;-29;65;-370;-97;226;486;-136
-336;-432;321;-30;62;-367;-92;227;485;-129
-334;-432;317;-30;59;-364;-87;229;484;-121
-331;-431;313;-30;56;-361;-83;230;482;-113
-328;-430;309;-30;53;-357;-78;231;480;-105
-325;-429;305;-31;50;-354;-73;232;478;-97
-322;-427;301;-31;47;-350;-68;233;476;-89
-318;-426;296;-31;43;-346;-63;234;473;-81
-315;-425;291;-31;40;-343;-58;235;470;-73
-312;-423;286;-32;37;-339;-54;235;467;-66
-308;-421;281;-32;33;-335;-49;236;464;-58
-305;-420;276;-32;30;-331;-44;236;461;-50
-301;-418;271;-32;26;-327;-40;236;457;-42
-297;-416;265;-33;23;-323;-35;236;454;-34
-293;-414;260;-33;19;-319;-30;236;450;-26
-289;-411;254;-33;16;-314;-26;236;445;-18
-285;-409;248;-34;12;-310;-21;236;441;-10
-281;-407;242;-34;8;-305;-17;236;436;-2
-277;-404;236;-34;5;-301;-13;235;432;6
-273;-401;229;-35;1;-296;-8;234;427;14
-268;-399;223;-35;-3;-292;-4;234;421;22
-264;-396;216;-36;-7;-287;0;233;416;30
-259;-393;209;-36;-11;-282;4;232;411;38
-255;-390;202;-36;-14;-278;9;231;405;45
-250;-386;195;-37;-18;-273;13;230;399;53
-245;-383;188;-37;-22;-268;17;229;393;61
-240;-380;181;-38;-26;-263;21;227;387;69
-236;-376;173;-38;-30;-258;25;226;380;76
-231;-372;166;-39;-34;-253;29;224;373;84
-226;-369;158;-39;-38;-248;32;223;367;92
-220;-365;151;-40;-42;-243;36;221;360;99
-215;-361;143;-40;-46;-237;40;219;353;107
-210;-357;135;-41;-50;-232;44;217;345;114
-205;-353;127;-41;-54;-227;47;215;338;121
-199;-348;119;-42;-58;-222;51;213;330;129
-194;-344;110;-42;-63;-216;54;210;323;136
-188;-340;102;-43;-67;-211;57;208;315;143
-183;-335;94;-43;-71;-205;61;206;307;150
-177;-330;85;-44;-75;-200;64;203;299;157
-171;-326;77;-45;-79;-194;67;200;290;164
-166;-321;68;-45;-83;-189;70;198;282;171
-160;-316;59;-46;-87;-183;73;195;273;178
-154;-311;50;-47;-91;-178;76;192;265;184
-148;-306;41;-47;-95;-172;79;189;256;191
-142;-300;33;-48;-99;-167;82;186;247;197
-136;-295;24;-48;-103;-161;85;183;238;204
-130;-290;15;-49;-107;-156;88;179;229;210
-124;-284;5;-50;-111;-150;90;176;220;216
-118;-279;-4;-51;-115;-144;93;172;210;222
-112;-273;-13;-51;-119;-139;95;169;201;228
-106;-267;-22;-52;-123;-133;98;165;191;234
-99;-262;-31;-53;-127;-127;100;162;182;240
-93;-256;-41;-54;-131;-122;102;158;172;246
-87;-250;-50;-54;-135;-116;104;154;162;251
-81;-244;-59;-55;-139;-111;106;150;153;257
-74;-238;-68;-56;-143;-105;109;146;143;262
-68;-231;-78;-57;-146;-99;110;142;133;267
-62;-225;-87;-58;-150;-94;112;138;123;272
-56;-219;-97;-58;-154;-88;114;134;113;277
-49;-212;-106;-59;-158;-82;116;130;102;282
-43;-206;-115;-60;-161;-77;117;126;92;287
-36;-200;-125;-61;-165;-71;119;121;82;291
-30;-193;-134;-62;-168;-66;121;117;72;296
-24;-186;-143;-63;-172;-60;122;113;61;300
-17;-180;-153;-64;-176;-55;123;108;51;304
-11;-173;-162;-65;-179;-49;124;104;40;308
-5;-166;-171;-65;-182;-44;126;99;30;312
2;-159;-180;-66;-186;-38;127;94;19;315
8;-152;-190;-67;-189;-33;128;90;9;319
14;-146;-199;-68;-192;-28;129;85;-2;322
21;-139;-208;-69;-195;-22;130;80;-12;326
27;-132;-217;-70;-199;-17;130;76;-23;329
33;-125;-226;-71;-202;-12;131;71;-33;332
40;-117;-235;-72;-205;-6;132;66;-44;334
46;-110;-244;-73;-208;-1;132;61;-54;337
52;-103;-253;-74;-211;4;133;56;-65;340
58;-96;-262;-75;-214;9;133;51;-75;342
64;-89;-271;-76;-216;14;133;46;-86;344
71;-82;-279;-78;-219;19;134;41;-96;346
77;-74;-288;-79;-222;24;134;36;-107;348
83;-67;-296;-80;-224;29;134;31;-117;350
89;-60;-305;-81;-227;34;134;26;-127;351
95;-52;-313;-82;-229;39;134;21;-138;352
101;-45;-322;-83;-232;43;134;16;-148;354
106;-38;-330;-84;-234;48;134;10;-158;355
112;-30;-338;-85;-236;53;133;5;-168;355
118;-23;-346;-86;-239;57;133;0;-179;356
124;-16;-354;-88;-241;62;133;-5;-189;357
129;-8;-362;-89;-243;66;132;-10;-199;357
135;-1;-369;-90;-245;71;131;-16;-209;357
140;6;-377;-91;-247;75;131;-21;-219;357
146;14;-384;-92;-249;79;130;-26;-228;357
151;21;-392;-93;-250;83;129;-31;-238;357
157;28;-399;-95;-252;87;129;-36;-248;356
162;35;-406;-96;-254;91;128;-42;-257;355
167;43;-413;-97;-255;95;127;-47;-267;354
172;50;-420;-98;-257;99;126;-52;-276;353
177;57;-426;-100;-258;103;124;-57;-286;352
182;64;-433;-101;-260;107;123;-62;-295;351
187;72;-439;-102;-261;110;122;-67;-304;349
192;79;-446;-103;-262;114;121;-73;-313;348
196;86;-452;-104;-263;118;119;-78;-322;346
201;93;-458;-106;-264;121;118;-83;-331;344
206;100;-464;-107;-265;124;117;-88;-339;341
210;107;-469;-108;-266;128;115;-93;-348;339
214;114;-475;-110;-267;131;113;-98;-356;336
219;121;-480;-111;-267;134;112;-103;-365;334
223;128;-486;-112;-268;137;110;-108;-373;331
227;134;-491;-113;-269;140;108;-113;-381;328
231;141;-496;-115;-269;143;106;-118;-389;324
234;148;-500;-116;-269;145;105;-123;-397;321
238;154;-505;-117;-270;148;103;-128;-404;317
242;161;-509;-119;-270;150;101;-133;-412;314
245;167;-514;-120;-270;153;99;-138;-419;310
249;174;-518;-121;-270;155;97;-142;-427;306
252;180;-522;-123;-270;158;94;-147;-434;301
255;187;-525;-124;-270;160;92;-152;-441;297
258;193;-529;-125;-270;162;90;-157;-448;292
261;199;-532;-126;-270;164;88;-161;-454;288
264;205;-536;-128;-269;166;85;-166;-461;283
266;211;-539;-129;-269;168;83;-170;-467;278
269;217;-541;-130;-268;169;81;-175;-473;273
271;223;-544;-132;-268;171;78;-179;-480;267
273;228;-546;-133;-267;173;76;-184;-485;262
276;234;-549;-134;-266;174;73;-188;-491;256
278;239;-551;-136;-266;175;71;-192;-497;250
280;245;-553;-137;-265;177;68;-197;-502;245
281;250;-554;-138;-264;178;66;-201;-507;239
283;255;-556;-139;-263;179;63;-205;-512;232
284;261;-557;-141;-262;180;60;-209;-517;226
286;266;-558;-142;-260;181;57;-213;-522;220
287;270;-559;-143;-259;181;55;-217;-527;213
288;275;-560;-145;-258;182;52;-221;-531;206
289;280;-561;-146;-256;183;49;-225;-535;199
290;284;-561;-147;-255;183;46;-228;-539;193
291;289;-561;-148;-254;183;43;-232;-543;185
291;293;-561;-150;-252;184;40;-236;-547;178
292;298;-561;-151;-250;184;37;-239;-550;171
292;302;-561;-152;-249;184;35;-243;-554;163
292;306;-560;-153;-247;184;32;-246;-557;156
292;309;-559;-154;-245;184;29;-250;-560;148
292;313;-558;-156;-243;184;26;-253;-563;141
291;317;-557;-157;-241;183;22;-256;-565;133
291;320;-556;-158;-239;183;19;-260;-568;125
290;323;-554;-159;-237;182;16;-263;-570;117
290;327;-553;-160;-235;182;13;-266;-572;108
289;330;-551;-161;-232;181;10;-269;-574;100
288;333;-549;-163;-230;180;7;-272;-576;92
286;335;-546;-164;-228;179;4;-275;-577;83
285;338;-544;-165;-225;178;1;-277;-578;75
284;341;-541;-166;-223;177;-2;-280;-580;66
282;343;-538;-167;-221;176;-6;-283;-581;58
280;345;-535;-168;-218;175;-9;-285;-581;49
278;347;-532;-169;-215;174;-12;-288;-582;40
276;349;-529;-170;-213;172;-15;-290;-583;31
274;351;-525;-171;-210;171;-18;-292;-583;22
272;352;-522;-172;-207;169;-22;-295;-583;13
269;354;-518;-173;-205;167;-25;-297;-583;4
267;355;-514;-174;-202;166;-28;-299;-583;-5
264;356;-509;-175;-199;164;-31;-301;-582;-14
261;357;-505;-176;-196;162;-34;-303;-582;-23
258;358;-500;-177;-193;160;-38;-305;-581;-33
255;359;-496;-178;-190;158;-41;-306;-580;-42
251;359;-491;-179;-187;155;-44;-308;-579;-51
248;360;-486;-179;-184;153;-47;-310;-577;-61
244;360;-480;-180;-181;151;-50;-311;-576;-70
241;360;-475;-181;-178;148;-54;-313;-574;-79
237;360;-469;-182;-175;146;-57;-314;-572;-89
233;360;-464;-183;-172;143;-60;-315;-571;-98
228;359;-458;-183;-168;141;-63;-316;-568;-108
224;359;-452;-184;-165;138;-66;-318;-566;-117
220;358;-446;-185;-162;135;-69;-319;-564;-127
215;357;-439;-186;-159;132;-73;-320;-561;-136
211;356;-433;-186;-155;129;-76;-321;-558;-146
206;355;-426;-187;-152;126;-79;-321;-555;-155
201;354;-420;-187;-149;123;-82;-322;-552;-165
196;352;-413;-188;-145;120;-85;-323;-549;-174
191;350;-406;-189;-142;117;-88;-323;-546;-184
185;349;-399;-189;-139;113;-91;-324;-542;-193
180;347;-391;-190;-135;110;-94;-324;-539;-202
174;344;-384;-190;-132;107;-97;-325;-535;-212
169;342;-377;-191;-128;103;-100;-325;-531;-221
163;340;-369;-191;-125;100;-103;-325;-527;-231
157;337;-361;-191;-122;96;-106;-325;-523;-240
151;334;-354;-192;-118;92;-109;-325;-518;-249
145;331;-346;-192;-115;89;-112;-325;-514;-258
139;328;-338;-192;-111;85;-115;-325;-509;-267
132;325;-329;-193;-108;81;-118;-325;-504;-277
126;321;-321;-193;-105;77;-121;-325;-499;-286
119;318;-313;-193;-101;73;-124;-324;-494;-295
113;314;-305;-194;-98;69;-127;-324;-489;-304
106;310;-296;-194;-94;65;-129;-323;-484;-312
99;306;-288;-194;-91;61;-132;-323;-479;-321
92;302;-279;-194;-88;57;-135;-322;-473;-330
85;298;-270;-194;-84;53;-138;-322;-468;-339
78;293;-262;-194;-81;49;-140;-321;-462;-347
71;288;-253;-194;-78;44;-143;-320;-456;-356
64;284;-244;-194;-74;40;-146;-319;-450;-364
56;279;-235;-194;-71;36;-148;-318;-444;-372
49;274;-226;-194;-68;31;-151;-317;-438;-381
41;268;-217;-194;-64;27;-153;-316;-432;-389
34;263;-208;-194;-61;23;-156;-315;-426;-397
26;257;-198;-194;-58;18;-159;-314;-420;-405
18;252;-189;-194;-55;14;-161;-312;-413;-413
11;246;-180;-193;-52;9;-163;-311;-407;-420
3;240;-171;-193;-49;5;-166;-309;-400;-428
-5;234;-161;-193;-45;0;-168;-308;-393;-435
-13;228;-152;-193;-42;-4;-171;-306;-387;-443
-21;222;-143;-192;-39;-9;-173;-305;-380;-450
-29;215;-133;-192;-36;-13;-175;-303;-373;-457
-37;209;-124;-191;-33;-18;-178;-301;-366;-464
-45;202;-115;-191;-30;-23;-180;-300;-359;-471
-53;195;-105;-191;-28;-27;-182;-298;-352;-478
-62;188;-96;-190;-25;-32;-184;-296;-345;-484
-70;181;-87;-190;-22;-37;-186;-294;-338;-491
-78;174;-77;-189;-19;-41;-189;-292;-331;-497
-87;167;-68;-188;-16;-46;-191;-290;-323;-503
-95;159;-58;-188;-14;-51;-193;-288;-316;-509
-103;152;-49;-187;-11;-55;-195;-286;-309;-515
-112;144;-40;-187;-8;-60;-197;-283;-301;-521
-120;137;-31;-186;-6;-65;-199;-281;-294;-527
-128;129;-21;-185;-3;-69;-201;-279;-286;-532
-137;121;-12;-184;-1;-74;-202;-276;-279;-537
-145;113;-3;-184;2;-79;-204;-274;-271;-542
-154;105;6;-183;4;-83;-206;-272;-264;-547
-162;97;15;-182;6;-88;-208;-269;-256;-552
-171;88;24;-181;8;-92;-210;-267;-249;-557
-179;80;33;-180;11;-97;-211;-264;-241;-561
-187;72;42;-179;13;-102;-213;-261;-234;-565
-196;63;51;-178;15;-106;-215;-259;-226;-569
-204;54;60;-177;17;-111;-216;-256;-218;-573
-213;46;69;-176;19;-115;-218;-253;-211;-577
-221;37;77;-175;21;-120;-219;-251;-203;-581
-229;28;86;-174;23;-125;-221;-248;-196;-584
-238;19;95;-173;25;-129;-222;-245;-188;-587
-246;11;103;-172;26;-133;-224;-242;-180;-590
-254;2;111;-171;28;-138;-225;-239;-173;-593
-262;-7;120;-169;30;-142;-227;-236;-165;-596
-270;-17;128;-168;31;-147;-228;-233;-158;-598
-279;-26;136;-167;33;-151;-229;-230;-150;-601
-287;-35;144;-166;34;-155;-230;-227;-143;-603
-295;-44;152;-164;36;-160;-232;-224;-135;-605
-303;-53;160;-163;37;-164;-233;-221;-128;-606
-311;-63;167;-162;38;-168;-234;-218;-120;-608
-318;-72;175;-160;39;-172;-235;-215;-113;-609
-326;-81;182;-159;40;-177;-236;-212;-106;-610
-334;-91;190;-157;42;-181;-237;-209;-98;-611
-341;-100;197;-156;43;-185;-238;-206;-91;-612
-349;-109;204;-155;43;-189;-239;-203;-84;-613
-357;-119;211;-153;44;-193;-240;-199;-77;-613
-364;-128;218;-151;45;-197;-241;-196;-69;-613
-371;-138;224;-150;46;-201;-242;-193;-62;-613
-378;-147;231;-148;47;-204;-243;-190;-55;-613
-386;-156;237;-147;47;-208;-244;-187;-48;-613
-393;-166;244;-145;48;-212;-245;-183;-41;-612
-400;-175;250;-144;48;-216;-245;-180;-35;-611
-407;-185;256;-142;49;-219;-246;-177;-28;-610
-413;-194;262;-140;49;-223;-247;-174;-21;-609
-420;-204;267;-139;49;-227;-247;-170;-14;-608
-427;-213;273;-137;49;-230;-248;-167;-8;-606
-433;-222;278;-135;49;-233;-249;-164;-1;-604
-439;-232;283;-133;50;-237;-249;-160;5;-602
-446;-241;288;-132;50;-240;-250;-157;12;-600
-452;-250;293;-130;49;-243;-250;-154;18;-598
-458;-259;298;-128;49;-247;-251;-151;24;-595
-464;-269;303;-126;49;-250;-251;-147;30;-593
-469;-278;307;-125;49;-253;-252;-144;37;-590
-475;-287;311;-123;49;-256;-252;-141;43;-587
-480;-296;315;-121;48;-259;-252;-138;48;-583
-486;-305;319;-119;48;-262;-253;-134;54;-580
-491;-314;323;-117;47;-264;-253;-131;60;-576
-496;-323;327;-115;47;-267;-253;-128;66;-572
-501;-331;330;-114;46;-270;-253;-125;71;-568
-506;-340;333;-112;45;-273;-254;-121;77;-564
-510;-349;336;-110;44;-275;-254;-118;82;-560
-515;-357;339;-108;44;-278;-254;-115;87;-555
-519;-366;342;-106;43;-280;-254;-112;93;-550
-524;-374;344;-104;42;-282;-254;-108;98;-545
-528;-383;346;-102;41;-285;-254;-105;103;-540
-532;-391;348;-100;40;-287;-254;-102;108;-535
-535;-399;350;-98;38;-289;-254;-99;113;-530
-539;-407;352;-96;37;-291;-254;-96;117;-524
-542;-415;354;-94;36;-293;-254;-93;122;-518
-546;-423;355;-93;35;-295;-254;-90;126;-512
-549;-431;356;-91;33;-297;-254;-87;131;-506
-552;-438;357;-89;32;-299;-254;-84;135;-500
-555;-446;358;-87;30;-300;-253;-81;139;-494
-557;-453;359;-85;29;-302;-253;-78;143;-487
-560;-461;359;-83;27;-303;-253;-75;147;-480
-562;-468;359;-81;26;-305;-253;-72;151;-473
-564;-475;359;-79;24;-306;-252;-69;155;-466
-566;-482;359;-77;22;-308;-252;-66;159;-459
-568;-489;359;-75;20;-309;-252;-63;162;-452
-569;-495;358;-73;18;-310;-251;-60;166;-444
-571;-502;358;-71;17;-311;-251;-57;169;-437
-572;-508;357;-69;15;-312;-251;-55;172;-429
-573;-515;356;-68;13;-313;-250;-52;176;-421
-574;-521;354;-66;11;-314;-250;-49;179;-413
-575;-527;353;-64;8;-315;-249;-46;181;-405
-575;-533;351;-62;6;-316;-249;-44;184;-397
-576;-538;349;-60;4;-316;-248;-41;187;-389
-576;-544;347;-58;2;-317;-248;-38;190;-380
-576;-549;345;-56;0;-317;-247;-36;192;-372
-576;-555;343;-54;-3;-318;-246;-33;194;-363
-575;-560;340;-53;-5;-318;-246;-31;197;-354
-575;-565;337;-51;-7;-318;-245;-28;199;-345
-574;-569;335;-49;-10;-318;-244;-26;201;-336
-573;-574;331;-47;-12;-319;-244;-23;203;-327
-572;-578;328;-46;-15;-319;-243;-21;205;-318
-571;-583;325;-44;-17;-319;-242;-19;206;-309
-569;-587;321;-42;-20;-318;-241;-16;208;-299
-568;-591;317;-40;-22;-318;-240;-14;209;-290
-566;-594;313;-39;-25;-318;-240;-12;211;-280
-564;-598;309;-37;-28;-318;-239;-10;212;-271
-562;-601;305;-35;-30;-317;-238;-8;213;-261
-559;-605;300;-34;-33;-317;-237;-5;214;-251
-557;-608;296;-32;-36;-316;-236;-3;215;-242
-554;-610;291;-30;-38;-316;-235;-1;216;-232
-551;-613;286;-29;-41;-315;-234;1;217;-222
-548;-616;281;-27;-44;-314;-233;3;217;-212
-545;-618;276;-26;-47;-313;-232;5;218;-202
-541;-620;270;-24;-50;-313;-231;6;218;-192
-538;-622;265;-23;-52;-312;-230;8;219;-182
-534;-624;259;-21;-55;-311;-229;10;219;-171
-530;-625;253;-20;-58;-309;-227;12;219;-161
-526;-627;247;-19;-61;-308;-226;14;219;-151
-522;-628;241;-17;-64;-307;-225;15;219;-141
-517;-629;235;-16;-67;-306;-224;17;219;-131
-512;-629;228;-15;-70;-304;-223;19;219;-120
-508;-630;222;-13;-73;-303;-221;20;218;-110
-503;-630;215;-12;-76;-301;-220;22;218;-100
-498;-631;208;-11;-79;-300;-219;23;217;-89
-492;-631;202;-9;-81;-298;-217;24;217;-79
-487;-630;195;-8;-84;-297;-216;26;216;-69
-481;-630;187;-7;-87;-295;-215;27;215;-58
-476;-629;180;-6;-90;-293;-213;29;214;-48
-470;-629;173;-5;-93;-291;-212;30;213;-38
-464;-628;165;-4;-96;-289;-211;31;212;-28
-457;-627;158;-3;-99;-287;-209;32;211;-17
-451;-625;150;-2;-102;-285;-208;33;210;-7
-445;-624;142;-1;-105;-283;-206;34;208;3
-438;-622;134;0;-108;-281;-205;36;207;13
-431;-620;126;1;-111;-279;-203;37;205;23
-424;-618;118;2;-114;-277;-201;37;204;33
-417;-615;110;3;-117;-275;-200;38;202;43
-410;-613;102;3;-120;-272;-198;39;200;53
-403;-610;94;4;-123;-270;-197;40;198;63
-395;-607;85;5;-125;-267;-195;41;197;73
-388;-604;77;5;-128;-265;-193;42;195;83
-380;-601;68;6;-131;-262;-192;42;193;93
-372;-597;60;7;-134;-260;-190;43;190;102
-364;-594;51;7;-137;-257;-188;44;188;112
-356;-590;42;8;-140;-255;-186;44;186;122
-348;-586;34;8;-142;-252;-185;45;184;131
-340;-582;25;9;-145;-249;-183;45;181;141
-331;-577;16;9;-148;-246;-181;46;179;150
-323;-572;7;10;-151;-244;-179;46;176;159
-314;-568;-2;10;-153;-241;-177;47;174;168
-306;-563;-11;10;-156;-238;-175;47;171;177
-297;-558;-20;11;-159;-235;-173;47;168;186
-288;-552;-29;11;-161;-232;-172;48;166;195
-279;-547;-38;11;-164;-229;-170;48;163;204
-270;-541;-47;11;-166;-226;-168;48;160;212
-261;-535;-56;11;-169;-223;-166;48;157;221
-252;-529;-65;11;-171;-220;-164;48;154;229
-242;-523;-74;11;-174;-217;-162;49;151;237
-233;-517;-83;11;-176;-214;-160;49;148;245
-224;-510;-92;11;-179;-211;-157;49;145;253
-214;-504;-102;11;-181;-208;-155;49;142;261
-205;-497;-111;11;-183;-204;-153;49;139;269
-195;-490;-120;11;-185;-201;-151;48;135;277
-186;-483;-129;11;-188;-198;-149;48;132;284
-176;-476;-138;11;-190;-195;-147;48;129;292
-166;-468;-147;10;-192;-191;-145;48;126;299
-156;-461;-156;10;-194;-188;-143;48;122;306
-147;-453;-165;10;-196;-185;-140;47;119;313
-137;-445;-174;9;-198;-182;-138;47;115;319
-127;-437;-183;9;-200;-178;-136;47;112;326
-117;-429;-192;9;-202;-175;-134;46;108;332
-107;-421;-201;8;-204;-172;-131;46;105;339
-97;-412;-209;8;-206;-168;-129;46;101;345
-87;-404;-218;7;-208;-165;-127;45;98;351
-78;-395;-227;6;-210;-161;-124;45;94;356
-68;-387;-235;6;-211;-158;-122;44;90;362
-58;-378;-244;5;-213;-155;-120;43;87;368
-48;-369;-252;4;-215;-151;-117;43;83;373
-38;-360;-261;4;-216;-148;-115;42;79;378
-28;-351;-269;3;-218;-145;-113;42;75;383
-18;-341;-277;2;-219;-141;-110;41;72;388
-8;-332;-286;1;-221;-138;-108;40;68;392
2;-322;-294;0;-222;-134;-105;39;64;396
12;-313;-302;-1;-224;-131;-103;39;60;401
21;-303;-310;-2;-225;-128;-101;38;56;405
31;-294;-318;-3;-226;-124;-98;37;53;408
41;-284;-325;-4;-227;-121;-96;36;49;412
51;-274;-333;-5;-229;-118;-93;35;45;415
60;-264;-341;-6;-230;-114;-91;34;41;419
70;-254;-348;-7;-231;-111;-88;33;37;422
79;-244;-356;-8;-232;-108;-86;32;33;425
89;-234;-363;-9;-233;-104;-83;31;29;427
98;-223;-370;-10;-234;-101;-81;30;26;430
108;-213;-377;-11;-234;-98;-78;29;22;432
117;-203;-384;-13;-235;-94;-76;28;18;434
126;-192;-391;-14;-236;-91;-73;27;14;436
135;-182;-397;-15;-237;-88;-71;26;10;438
145;-171;-404;-17;-237;-85;-68;25;6;439
154;-161;-410;-18;-238;-82;-65;23;2;440
162;-150;-417;-19;-238;-78;-63;22;-2;441
171;-140;-423;-21;-239;-75;-60;21;-6;442
180;-129;-429;-22;-239;-72;-58;20;-9;443
189;-119;-435;-24;-239;-69;-55;18;-13;443
197;-108;-440;-25;-240;-66;-53;17;-17;443
206;-97;-446;-27;-240;-63;-50;16;-21;444
214;-87;-451;-28;-240;-60;-47;14;-25;443
222;-76;-457;-30;-240;-57;-45;13;-29;443
230;-65;-462;-31;-240;-54;-42;12;-32;442
238;-55;-467;-33;-240;-51;-40;10;-36;442
246;-44;-472;-35;-240;-48;-37;9;-40;441
254;-34;-476;-36;-240;-45;-35;7;-44;439
261;-23;-481;-38;-240;-43;-32;6;-48;438
269;-12;-485;-40;-240;-40;-30;4;-51;437
276;-2;-489;-41;-240;-37;-27;3;-55;435
283;9;-493;-43;-239;-34;-25;1;-59;433
290;19;-497;-45;-239;-32;-22;0;-63;431
297;30;-501;-47;-239;-29;-19;-2;-66;428
304;40;-505;-48;-238;-26;-17;-3;-70;426
311;50;-508;-50;-238;-24;-14;-5;-74;423
317;61;-511;-52;-237;-21;-12;-6;-77;420
323;71;-514;-54;-237;-19;-9;-8;-81;417
329;81;-517;-56;-236;-16;-7;-10;-84;413
335;91;-520;-57;-235;-14;-5;-11;-88;410
341;101;-522;-59;-234;-11;-2;-13;-92;406
347;111;-525;-61;-234;-9;0;-15;-95;402
352;121;-527;-63;-233;-7;3;-16;-99;398
358;131;-529;-65;-232;-5;5;-18;-102;394
363;141;-531;-67;-231;-2;8;-20;-106;389
368;151;-532;-69;-230;0;10;-22;-109;384
373;160;-534;-71;-229;2;12;-23;-112;380
377;170;-535;-73;-228;4;15;-25;-116;375
382;179;-536;-74;-227;6;17;-27;-119;369
386;189;-537;-76;-225;8;19;-29;-123;364
390;198;-538;-78;-224;10;22;-30;-126;358
394;207;-539;-80;-223;12;24;-32;-129;353
398;216;-539;-82;-222;14;26;-34;-132;347
401;225;-539;-84;-220;15;28;-36;-136;341
404;234;-539;-86;-219;17;30;-38;-139;334
408;242;-539;-88;-217;19;33;-40;-142;328
410;251;-539;-90;-216;21;35;-41;-145;321
413;259;-538;-92;-214;22;37;-43;-148;315
416;268;-538;-94;-213;24;39;-45;-151;308
418;276;-537;-96;-211;25;41;-47;-155;301
420;284;-536;-98;-210;27;43;-49;-158;294
422;292;-535;-99;-208;28;45;-51;-161;286
424;299;-533;-101;-206;29;47;-53;-164;279
425;307;-532;-103;-205;31;49;-55;-167;271
427;314;-530;-105;-203;32;51;-57;-170;263
428;322;-528;-107;-201;33;52;-59;-172;255
429;329;-526;-109;-199;34;54;-61;-175;247
429;336;-524;-111;-197;35;56;-63;-178;239
430;342;-521;-113;-195;36;58;-65;-181;231
430;349;-519;-115;-193;37;60;-67;-184;222
430;356;-516;-116;-191;38;61;-69;-187;214
430;362;-513;-118;-189;39;63;-71;-189;205
430;368;-510;-120;-187;40;64;-73;-192;196
429;374;-507;-122;-185;41;66;-75;-195;188
429;380;-503;-124;-183;41;68;-77;-197;179
428;385;-500;-126;-181;42;69;-79;-200;170
427;391;-496;-127;-179;43;70;-81;-202;160
425;396;-492;-129;-177;43;72;-83;-205;151
424;401;-488;-131;-175;44;73;-85;-207;142
422;406;-484;-133;-172;44;74;-87;-210;132
420;411;-480;-134;-170;45;76;-89;-212;123
418;415;-475;-136;-168;45;77;-91;-215;113
415;419;-471;-138;-166;45;78;-93;-217;103
413;423;-466;-139;-163;46;79;-95;-220;93
410;427;-461;-141;-161;46;80;-97;-222;83
407;431;-456;-143;-159;46;81;-99;-224;73
404;434;-451;-144;-156;46;82;-101;-226;63
400;438;-445;-146;-154;46;83;-103;-229;53
397;441;-440;-147;-151;46;84;-105;-231;43
393;444;-434;-149;-149;46;85;-107;-233;33
389;446;-428;-150;-147;46;86;-109;-235;23
385;449;-422;-152;-144;46;86;-111;-237;12
380;451;-416;-153;-142;46;87;-113;-239;2
376;453;-410;-155;-139;45;87;-115;-241;-8
371;455;-404;-156;-137;45;88;-117;-243;-19
366;457;-398;-158;-134;45;89;-119;-245;-29
361;458;-391;-159;-132;44;89;-121;-247;-40
355;459;-385;-160;-129;44;89;-124;-249;-50
350;460;-378;-162;-127;43;90;-126;-251;-61
344;461;-371;-163;-124;43;90;-128;-253;-71
338;462;-364;-164;-122;42;90;-130;-255;-82
332;462;-357;-166;-119;42;90;-132;-257;-92
326;462;-350;-167;-117;41;90;-134;-258;-103
319;462;-343;-168;-114;40;90;-136;-260;-113
313;462;-335;-169;-112;40;90;-138;-262;-124
306;461;-328;-170;-109;39;90;-140;-264;-134
299;461;-321;-171;-107;38;90;-142;-265;-145
292;460;-313;-172;-104;37;90;-144;-267;-155
285;459;-305;-173;-102;36;89;-146;-268;-166
277;457;-298;-175;-99;35;89;-148;-270;-176
270;456;-290;-175;-97;34;89;-150;-271;-187
262;454;-282;-176;-94;33;88;-152;-273;-197
254;452;-274;-177;-92;32;88;-154;-274;-208
246;450;-266;-178;-89;31;87;-156;-276;-218
238;447;-258;-179;-87;30;86;-158;-277;-228
230;445;-250;-180;-85;28;86;-160;-278;-239
221;442;-242;-181;-82;27;85;-162;-280;-249
213;439;-234;-182;-80;26;84;-164;-281;-259
204;436;-225;-182;-77;25;83;-166;-282;-269
195;432;-217;-183;-75;23;82;-168;-283;-279
186;429;-209;-184;-72;22;81;-170;-285;-289
177;425;-200;-184;-70;20;80;-172;-286;-299
168;421;-192;-185;-68;19;79;-173;-287;-309
159;416;-183;-186;-65;18;78;-175;-288;-318
149;412;-175;-186;-63;16;76;-177;-289;-328
140;407;-166;-187;-61;15;75;-179;-290;-338
130;403;-158;-187;-58;13;74;-181;-291;-347
121;397;-149;-188;-56;11;72;-183;-292;-357
111;392;-141;-188;-54;10;71;-185;-293;-366
101;387;-132;-189;-51;8;69;-187;-294;-375
91;381;-124;-189;-49;6;67;-188;-295;-384
81;375;-115;-189;-47;5;66;-190;-295;-393
71;369;-107;-190;-45;3;64;-192;-296;-402
60;363;-98;-190;-43;1;62;-194;-297;-411
50;357;-90;-190;-41;-1;60;-196;-298;-419
40;350;-81;-190;-38;-2;58;-197;-298;-428
29;344;-73;-190;-36;-4;56;-199;-299;-436
19;337;-64;-191;-34;-6;54;-201;-300;-445
8;330;-56;-191;-32;-8;52;-202;-300;-453
-2;323;-47;-191;-30;-10;50;-204;-301;-461
-13;315;-39;-191;-28;-12;48;-206;-301;-469
-24;308;-30;-191;-26;-14;45;-207;-302;-477
-34;300;-22;-191;-24;-16;43;-209;-302;-484
-45;292;-14;-191;-22;-18;40;-211;-302;-492
-56;284;-5;-191;-20;-20;38;-212;-303;-499
-67;276;3;-191;-19;-22;35;-214;-303;-506
-77;268;11;-191;-17;-24;33;-215;-303;-513
-88;260;19;-190;-15;-26;30;-217;-304;-520
-99;251;27;-190;-13;-28;27;-218;-304;-527
-110;242;35;-190;-11;-30;25;-220;-304;-534
-121;233;43;-190;-10;-32;22;-221;-304;-540
-132;225;51;-189;-8;-34;19;-223;-304;-546
-143;215;59;-189;-6;-36;16;-224;-304;-553
-153;206;67;-189;-5;-38;13;-226;-304;-559
-164;197;74;-188;-3;-40;10;-227;-304;-564
-175;187;82;-188;-2;-42;7;-228;-304;-570
-186;178;89;-188;0;-44;4;-230;-304;-575
-197;168;97;-187;1;-46;1;-231;-304;-581
-207;158;104;-187;3;-48;-2;-232;-304;-586
-218;149;112;-186;4;-50;-6;-234;-304;-591
-229;139;119;-186;5;-52;-9;-235;-303;-595
-239;129;126;-185;7;-55;-12;-236;-303;-600
-250;118;133;-184;8;-57;-15;-237;-303;-604
-261;108;140;-184;9;-59;-19;-238;-302;-608
-271;98;146;-183;11;-61;-22;-239;-302;-612
-281;88;153;-183;12;-63;-26;-240;-301;-616
-292;77;160;-182;13;-65;-29;-242;-301;-620
-302;67;166;-181;14;-67;-33;-243;-300;-623
-312;56;172;-180;15;-69;-36;-244;-300;-627
-322;45;179;-180;16;-71;-40;-244;-299;-630
-332;35;185;-179;17;-73;-44;-245;-298;-632
-342;24;191;-178;18;-75;-47;-246;-298;-635
-352;13;197;-177;19;-78;-51;-247;-297;-638
-362;2;202;-176;20;-80;-55;-248;-296;-640
-372;-9;208;-176;21;-82;-58;-249;-295;-642
-381;-20;213;-175;21;-84;-62;-250;-294;-644
-391;-31;219;-174;22;-86;-66;-250;-293;-645
-400;-42;224;-173;23;-88;-70;-251;-292;-647
-409;-53;229;-172;24;-90;-74;-252;-291;-648
-418;-64;234;-171;24;-92;-78;-252;-290;-649
-427;-75;239;-170;25;-94;-81;-253;-289;-650
-436;-86;244;-169;25;-96;-85;-253;-288;-651
-445;-97;248;-168;26;-98;-89;-254;-287;-651
-454;-108;253;-167;26;-99;-93;-254;-286;-652
-462;-119;257;-166;27;-101;-97;-255;-284;-652
-470;-130;261;-165;27;-103;-101;-255;-283;-651
-479;-141;265;-164;28;-105;-105;-255;-282;-651
-487;-152;269;-163;28;-107;-109;-256;-280;-651
-494;-163;272;-162;28;-109;-113;-256;-279;-650
-502;-174;276;-160;29;-111;-117;-256;-277;-649
-510;-185;279;-159;29;-112;-121;-256;-276;-648
-517;-196;282;-158;29;-114;-125;-257;-274;-646
-525;-207;285;-157;29;-116;-129;-257;-272;-645
-532;-218;288;-156;29;-118;-133;-257;-271;-643
-539;-229;291;-155;29;-119;-137;-257;-269;-641
-545;-239;294;-153;29;-121;-141;-257;-267;-639
-552;-250;296;-152;29;-123;-145;-257;-265;-637
-558;-261;298;-151;29;-124;-149;-256;-263;-634
-565;-271;300;-150;29;-126;-152;-256;-262;-632
-571;-282;302;-148;29;-128;-156;-256;-260;-629
-576;-292;304;-147;29;-129;-160;-256;-258;-626
-582;-303;306;-146;29;-131;-164;-256;-255;-622
-588;-313;307;-145;28;-132;-168;-255;-253;-619
-593;-323;308;-143;28;-134;-172;-255;-251;-615
-598;-333;309;-142;28;-135;-176;-254;-249;-611
-603;-343;310;-141;27;-137;-180;-254;-247;-607
-608;-353;311;-140;27;-138;-183;-253;-244;-603
-612;-363;312;-138;27;-139;-187;-253;-242;-599
-616;-373;312;-137;26;-141;-191;-252;-240;-594
-620;-382;312;-136;26;-142;-195;-252;-237;-589
-624;-392;313;-134;25;-143;-198;-251;-235;-585
-628;-401;312;-133;24;-145;-202;-250;-232;-579
-631;-411;312;-132;24;-146;-206;-249;-230;-574
-635;-420;312;-130;23;-147;-209;-249;-227;-569
-638;-429;311;-129;22;-148;-213;-248;-225;-563
-641;-438;311;-128;22;-149;-216;-247;-222;-557
-643;-446;310;-127;21;-150;-220;-246;-219;-551
-645;-455;309;-125;20;-151;-223;-245;-216;-545
-648;-464;308;-124;19;-152;-227;-244;-214;-539
-650;-472;306;-123;19;-153;-230;-242;-211;-533
-651;-480;305;-121;18;-154;-233;-241;-208;-526
-653;-488;303;-120;17;-155;-237;-240;-205;-519
-654;-496;301;-119;16;-156;-240;-239;-202;-512
-655;-504;299;-117;15;-157;-243;-237;-199;-505
-656;-512;297;-116;14;-158;-246;-236;-196;-498
-657;-519;295;-115;13;-159;-249;-235;-193;-491
-657;-526;292;-113;12;-160;-252;-233;-190;-483
-657;-534;290;-112;11;-160;-255;-232;-187;-476
-657;-541;287;-111;10;-161;-258;-230;-183;-468
-657;-547;284;-110;8;-162;-261;-229;-180;-460
-656;-554;281;-108;7;-162;-264;-227;-177;-452
-656;-560;278;-107;6;-163;-267;-225;-174;-444
-655;-567;275;-106;5;-164;-269;-223;-170;-436
-654;-573;271;-104;4;-164;-272;-222;-167;-428
-652;-579;268;-103;2;-165;-275;-220;-163;-419
-650;-584;264;-102;1;-165;-277;-218;-160;-411
-649;-590;260;-101;0;-165;-279;-216;-156;-402
-647;-595;256;-99;-2;-166;-282;-214;-153;-393
-644;-600;252;-98;-3;-166;-284;-212;-149;-384
-642;-605;247;-97;-4;-167;-286;-210;-146;-375
-639;-610;243;-96;-6;-167;-289;-208;-142;-366
-636;-615;238;-95;-7;-167;-291;-206;-139;-357
-633;-619;234;-93;-9;-167;-293;-203;-135;-348
-629;-623;229;-92;-10;-168;-295;-201;-131;-338
-626;-627;224;-91;-12;-168;-296;-199;-128;-329
-622;-631;219;-90;-13;-168;-298;-197;-124;-319
-618;-634;213;-89;-15;-168;-300;-194;-120;-310
-614;-638;208;-88;-17;-168;-302;-192;-116;-300
-609;-641;203;-87;-18;-168;-303;-189;-113;-290
-605;-644;197;-85;-20;-168;-305;-187;-109;-281
-600;-646;191;-84;-21;-168;-306;-184;-105;-271
-595;-649;186;-83;-23;-168;-307;-182;-101;-261
-589;-651;180;-82;-25;-168;-309;-179;-97;-251
-584;-653;174;-81;-26;-168;-310;-176;-93;-241
-578;-655;168;-80;-28;-168;-311;-174;-89;-231
-572;-657;162;-79;-30;-168;-312;-171;-85;-221
-566;-658;155;-78;-32;-167;-313;-168;-82;-210
-560;-659;149;-77;-33;-167;-314;-165;-78;-200
-553;-660;143;-76;-35;-167;-314;-163;-74;-190
-547;-661;136;-75;-37;-167;-315;-160;-70;-180
-540;-661;129;-74;-39;-166;-316;-157;-66;-169
-533;-662;123;-73;-41;-166;-316;-154;-62;-159
-526;-662;116;-72;-42;-166;-317;-151;-58;-149
-518;-662;109;-71;-44;-165;-317;-148;-54;-138
-511;-661;102;-70;-46;-165;-317;-145;-50;-128
-503;-661;95;-69;-48;-164;-317;-142;-46;-118
-495;-660;88;-68;-50;-164;-317;-139;-42;-107
-487;-659;81;-68;-52;-163;-317;-136;-38;-97
-479;-658;74;-67;-54;-163;-317;-132;-34;-87
-471;-656;66;-66;-55;-162;-317;-129;-30;-76
-462;-655;59;-65;-57;-162;-317;-126;-26;-66
-453;-653;52;-64;-59;-161;-316;-123;-22;-56
-445;-651;44;-64;-61;-161;-316;-120;-18;-45
-436;-648;37;-63;-63;-160;-315;-116;-14;-35
-426;-646;29;-62;-65;-159;-315;-113;-10;-25
-417;-643;22;-61;-67;-159;-314;-110;-6;-15
-408;-640;14;-61;-69;-158;-313;-106;-2;-4
-398;-637;7;-60;-71;-157;-312;-103;2;6
-389;-634;-1;-59;-73;-156;-311;-100;6;16
-379;-630;-9;-58;-75;-156;-310;-96;10;26
-369;-627;-17;-58;-77;-155;-309;-93;14;36
-359;-623;-24;-57;-79;-154;-308;-89;18;46
-349;-618;-32;-56;-81;-153;-306;-86;22;56
-339;-614;-40;-56;-83;-152;-305;-82;26;66
-328;-609;-48;-55;-84;-152;-303;-79;29;75
-318;-605;-55;-55;-86;-151;-302;-75;33;85
-307;-600;-63;-54;-88;-150;-300;-72;37;95
-297;-595;-71;-54;-90;-149;-298;-69;41;104
-286;-589;-79;-53;-92;-148;-297;-65;44;114
-275;-584;-87;-52;-94;-147;-295;-61;48;123
-264;-578;-94;-52;-96;-146;-293;-58;52;132
-253;-572;-102;-51;-98;-145;-291;-54;55;142
-242;-566;-110;-51;-100;-144;-288;-51;59;151
-231;-560;-118;-51;-102;-143;-286;-47;62;160
-220;-553;-125;-50;-104;-142;-284;-44;66;169
-209;-547;-133;-50;-106;-141;-282;-40;69;178
-198;-540;-141;-49;-108;-140;-279;-37;73;186
-186;-533;-148;-49;-110;-139;-277;-33;76;195
-175;-526;-156;-49;-112;-138;-274;-30;80;204
-164;-518;-164;-48;-114;-137;-271;-26;83;212
-152;-511;-171;-48;-116;-136;-268;-23;86;220
-141;-503;-179;-47;-117;-135;-266;-19;89;229
-129;-496;-186;-47;-119;-134;-263;-16;93;237
-118;-488;-194;-47;-121;-133;-260;-12;96;245
-106;-480;-201;-47;-123;-132;-257;-9;99;253
-95;-471;-208;-46;-125;-131;-254;-6;102;260
-83;-463;-216;-46;-127;-130;-250;-2;105;268
-72;-454;-223;-46;-129;-129;-247;1;108;275
-60;-446;-230;-46;-131;-128;-244;5;111;283
-49;-437;-237;-45;-132;-127;-241;8;113;290
-37;-428;-244;-45;-134;-126;-237;11;116;297
-26;-419;-251;-45;-136;-125;-234;15;119;304
-14;-410;-258;-45;-138;-124;-230;18;121;310
-3;-401;-265;-45;-139;-122;-227;21;124;317
9;-391;-272;-44;-141;-121;-223;25;126;323
20;-382;-278;-44;-143;-120;-219;28;129;330
31;-372;-285;-44;-145;-119;-215;31;131;336
43;-362;-292;-44;-146;-118;-212;34;134;342
54;-353;-298;-44;-148;-117;-208;37;136;348
65;-343;-304;-44;-150;-116;-204;40;138;353
76;-333;-311;-44;-152;-115;-200;43;140;359
87;-322;-317;-44;-153;-114;-196;47;142;364
98;-312;-323;-44;-155;-113;-192;50;144;369
109;-302;-329;-44;-156;-112;-188;52;146;374
120;-292;-335;-44;-158;-111;-184;55;148;379
131;-281;-340;-44;-160;-110;-180;58;149;384
141;-271;-346;-44;-161;-109;-176;61;151;388
152;-260;-352;-44;-163;-108;-171;64;152;392
162;-250;-357;-44;-164;-107;-167;67;154;397
173;-239;-362;-44;-166;-106;-163;69;155;400
183;-228;-368;-44;-167;-105;-159;72;157;404
193;-217;-373;-44;-169;-104;-154;75;158;408
203;-207;-378;-44;-170;-103;-150;77;159;411
213;-196;-383;-44;-172;-102;-146;80;160;414
223;-185;-387;-44;-173;-102;-141;82;161;418
233;-174;-392;-44;-175;-101;-137;85;162;420
242;-163;-397;-44;-176;-100;-133;87;163;423
252;-152;-401;-44;-177;-99;-128;89;164;426
261;-141;-405;-44;-179;-98;-124;92;164;428
270;-130;-409;-45;-180;-97;-119;94;165;430
279;-119;-413;-45;-181;-96;-115;96;165;432
288;-108;-417;-45;-182;-96;-110;98;166;434
297;-97;-421;-45;-184;-95;-106;100;166;435
305;-86;-425;-45;-185;-94;-101;102;166;437
314;-75;-428;-45;-186;-93;-97;104;166;438
322;-64;-431;-46;-187;-93;-93;106;166;439
330;-53;-435;-46;-188;-92;-88;108;166;440
338;-42;-438;-46;-190;-91;-84;109;166;440
346;-31;-441;-46;-191;-90;-79;111;166;441
353;-20;-443;-46;-192;-90;-75;113;165;441
361;-9;-446;-47;-193;-89;-70;114;165;441
368;2;-449;-47;-194;-89;-66;116;164;441
375;13;-451;-47;-195;-88;-62;117;164;440
382;23;-453;-47;-196;-87;-57;118;163;440
388;34;-455;-48;-197;-87;-53;120;162;439
395;45;-457;-48;-198;-86;-49;121;161;438
401;55;-459;-48;-199;-86;-44;122;160;437
407;66;-461;-48;-199;-85;-40;123;159;436
413;76;-462;-49;-200;-85;-36;124;158;434
419;87;-464;-49;-201;-84;-32;125;156;433
424;97;-465;-49;-202;-84;-27;126;155;431
430;107;-466;-49;-203;-83;-23;126;153;429
435;117;-467;-50;-203;-83;-19;127;152;427
439;128;-468;-50;-204;-83;-15;128;150;424
444;138;-468;-50;-205;-82;-11;128;148;422
448;147;-469;-51;-205;-82;-7;129;147;419
453;157;-469;-51;-206;-82;-3;129;145;416
457;167;-470;-51;-207;-81;1;129;143;413
460;177;-470;-52;-207;-81;5;129;140;410
464;186;-470;-52;-208;-81;9;129;138;406
467;195;-469;-52;-208;-81;12;129;136;403
470;205;-469;-53;-209;-80;16;129;133;399
473;214;-469;-53;-209;-80;20;129;131;395
476;223;-468;-53;-210;-80;23;129;128;391
478;232;-467;-54;-210;-80;27;129;126;386
480;241;-466;-54;-210;-80;31;129;123;382
482;249;-465;-54;-211;-80;34;128;120;377
484;258;-464;-55;-211;-80;37;128;117;372
485;266;-463;-55;-211;-80;41;127;114;367
486;274;-461;-55;-212;-80;44;126;111;362
487;282;-459;-56;-212;-80;47;126;108;357
488;290;-458;-56;-212;-80;50;125;104;352
488;298;-456;-57;-212;-80;53;124;101;346
489;306;-454;-57;-212;-80;56;123;98;340
489;313;-452;-57;-212;-80;59;122;94;334
489;320;-449;-58;-213;-80;62;120;90;328
488;327;-447;-58;-213;-80;65;119;87;322
487;334;-444;-59;-213;-80;68;118;83;316
486;341;-442;-59;-213;-80;70;116;79;309
485;348;-439;-59;-213;-80;73;115;75;303
484;354;-436;-60;-213;-81;75;113;71;296
482;361;-433;-60;-212;-81;78;112;67;289
480;367;-429;-61;-212;-81;80;110;63;282
478;373;-426;-61;-212;-81;82;108;59;275
476;378;-423;-61;-212;-82;84;106;55;268
473;384;-419;-62;-212;-82;86;104;50;260
471;389;-415;-62;-212;-82;88;102;46;253
468;394;-412;-63;-211;-83;90;100;41;245
464;399;-408;-63;-211;-83;92;98;37;237
461;404;-404;-63;-211;-83;94;96;32;230
457;409;-400;-64;-210;-84;96;93;28;222
453;413;-395;-64;-210;-84;97;91;23;214
449;417;-391;-65;-209;-85;99;89;18;206
444;421;-387;-65;-209;-85;100;86;13;197
440;425;-382;-66;-209;-85;101;83;8;189
435;428;-377;-66;-208;-86;102;81;3;181
430;432;-373;-67;-208;-86;103;78;-1;172
425;435;-368;-67;-207;-87;104;75;-6;163
419;438;-363;-67;-206;-87;105;72;-12;155
413;441;-358;-68;-206;-88;106;69;-17;146
407;443;-353;-68;-205;-89;107;66;-22;137
401;446;-347;-69;-205;-89;108;63;-27;128
395;448;-342;-69;-204;-90;108;60;-32;119
388;450;-337;-70;-203;-90;109;56;-37;110
382;451;-331;-70;-202;-91;109;53;-43;101
375;453;-326;-71;-202;-91;109;50;-48;92
368;454;-320;-71;-201;-92;109;46;-53;83
360;455;-314;-72;-200;-93;109;43;-59;73
353;456;-309;-72;-199;-93;109;39;-64;64
345;456;-303;-73;-198;-94;109;36;-70;55
337;457;-297;-73;-197;-95;109;32;-75;45
329;457;-291;-74;-196;-95;109;28;-81;36
321;457;-285;-74;-196;-96;108;24;-86;26
313;457;-279;-75;-195;-97;108;21;-92;17
304;456;-273;-75;-194;-97;107;17;-97;7
295;456;-267;-76;-193;-98;107;13;-103;-3
286;455;-260;-76;-191;-99;106;9;-108;-12
277;454;-254;-77;-190;-100;105;5;-114;-22
268;452;-248;-77;-189;-100;104;1;-119;-32
259;451;-241;-78;-188;-101;103;-3;-125;-41
249;449;-235;-78;-187;-102;102;-8;-131;-51
239;447;-228;-79;-186;-102;100;-12;-136;-61
230;445;-222;-79;-185;-103;99;-16;-142;-70
220;442;-215;-80;-183;-104;98;-20;-147;-80
209;440;-209;-80;-182;-105;96;-25;-153;-90
199;437;-202;-81;-181;-105;95;-29;-158;-100
189;434;-195;-81;-180;-106;93;-33;-164;-109
178;431;-189;-82;-178;-107;91;-38;-169;-119
168;427;-182;-82;-177;-108;89;-42;-175;-129
157;424;-175;-83;-176;-108;87;-47;-180;-138
146;420;-169;-83;-174;-109;85;-51;-186;-148
135;416;-162;-84;-173;-110;83;-56;-191;-157
124;412;-155;-84;-172;-111;81;-60;-197;-167
113;407;-149;-85;-170;-111;79;-65;-202;-176
102;403;-142;-86;-169;-112;76;-70;-207;-186
91;398;-135;-86;-167;-113;74;-74;-213;-195
79;393;-128;-87;-166;-113;71;-79;-218;-205
68;388;-122;-87;-164;-114;69;-84;-223;-214
56;382;-115;-88;-163;-115;66;-88;-228;-223
45;377;-108;-89;-161;-116;63;-93;-233;-233
33;371;-101;-89;-160;-116;61;-98;-239;-242
21;365;-95;-90;-158;-117;58;-102;-244;-251
10;359;-88;-90;-157;-118;55;-107;-249;-260
-2;353;-81;-91;-155;-118;52;-112;-254;-269
-14;346;-75;-91;-154;-119;49;-116;-259;-278
-26;340;-68;-92;-152;-120;46;-121;-263;-287
-38;333;-62;-93;-150;-120;42;-126;-268;-296
-50;326;-55;-93;-149;-121;39;-131;-273;-304
-62;319;-48;-94;-147;-122;36;-135;-278;-313
-74;312;-42;-95;-145;-122;32;-140;-282;-321
-86;304;-35;-95;-144;-123;29;-145;-287;-330
-98;297;-29;-96;-142;-123;25;-149;-291;-338
-110;289;-23;-97;-140;-124;22;-154;-296;-347
-122;281;-16;-97;-139;-125;18;-159;-300;-355
-134;273;-10;-98;-137;-125;15;-163;-304;-363
-146;265;-4;-98;-135;-126;11;-168;-309;-371
-158;256;2;-99;-134;-126;7;-173;-313;-379
-170;248;9;-100;-132;-127;3;-177;-317;-386
-182;239;15;-100;-130;-127;-1;-182;-321;-394
-194;231;21;-101;-128;-128;-5;-186;-325;-402
-206;222;27;-102;-127;-128;-8;-191;-329;-409
-218;213;33;-103;-125;-129;-12;-195;-332;-416
-230;204;39;-103;-123;-129;-17;-200;-336;-423
-242;195;44;-104;-121;-129;-21;-204;-340;-431
-254;185;50;-105;-119;-130;-25;-209;-343;-437
-265;176;56;-105;-118;-130;-29;-213;-346;-444
-277;166;61;-106;-116;-131;-33;-217;-350;-451
-289;157;67;-107;-114;-131;-37;-222;-353;-458
-300;147;72;-107;-112;-131;-41;-226;-356;-464
-312;137;78;-108;-110;-132;-46;-230;-359;-470
-323;127;83;-109;-109;-132;-50;-234;-362;-476
-334;117;88;-110;-107;-132;-54;-238;-365;-482
-345;107;93;-110;-105;-133;-58;-242;-368;-488
-356;97;98;-111;-103;-133;-63;-246;-370;-494
-367;87;103;-112;-101;-133;-67;-250;-373;-500
-378;77;108;-113;-99;-133;-71;-254;-375;-505
-389;66;113;-113;-98;-133;-76;-258;-377;-510
-400;56;118;-114;-96;-134;-80;-262;-380;-515
-410;45;122;-115;-94;-134;-84;-266;-382;-520
-421;35;127;-116;-92;-134;-89;-269;-384;-525
-431;24;131;-116;-90;-134;-93;-273;-385;-530
-441;14;135;-117;-89;-134;-97;-277;-387;-534
-451;3;140;-118;-87;-134;-102;-280;-389;-539
-461;-8;144;-119;-85;-134;-106;-284;-390;-543
-471;-19;148;-119;-83;-134;-110;-287;-392;-547
-480;-29;152;-120;-81;-134;-115;-290;-393;-551
-490;-40;156;-121;-80;-134;-119;-294;-394;-555
-499;-51;159;-122;-78;-134;-123;-297;-395;-558
-508;-62;163;-122;-76;-134;-128;-300;-396;-562
-517;-73;166;-123;-74;-134;-132;-303;-397;-565
-526;-83;170;-124;-73;-134;-136;-306;-398;-568
-535;-94;173;-125;-71;-133;-140;-309;-399;-571
-543;-105;176;-126;-69;-133;-144;-312;-399;-573
-552;-116;179;-126;-67;-133;-149;-314;-399;-576
-560;-127;182;-127;-66;-133;-153;-317;-400;-578
-568;-138;185;-128;-64;-133;-157;-319;-400;-581
-576;-149;188;-129;-62;-132;-161;-322;-400;-583
-583;-159;190;-130;-60;-132;-165;-324;-400;-584
-591;-170;193;-130;-59;-132;-169;-327;-400;-586
-598;-181;195;-131;-57;-131;-173;-329;-399;-588
-605;-192;198;-132;-55;-131;-177;-331;-399;-589
-611;-202;200;-133;-54;-131;-181;-333;-398;-590
-618;-213;202;-134;-52;-130;-185;-335;-398;-591
-624;-223;204;-134;-51;-130;-189;-337;-397;-592
-631;-234;206;-135;-49;-129;-192;-339;-396;-593
-637;-244;207;-136;-47;-129;-196;-341;-395;-593
-642;-255;209;-137;-46;-128;-200;-342;-394;-593
-648;-265;210;-138;-44;-128;-203;-344;-392;-594
-653;-276;212;-138;-43;-127;-207;-345;-391;-593
-658;-286;213;-139;-41;-127;-211;-347;-389;-593
-663;-296;214;-140;-40;-126;-214;-348;-388;-593
-668;-306;215;-141;-38;-126;-217;-349;-386;-592
-672;-316;216;-142;-37;-125;-221;-350;-384;-592
-676;-326;217;-142;-35;-124;-224;-351;-382;-591
-680;-336;217;-143;-34;-124;-227;-352;-380;-590
-684;-345;218;-144;-32;-123;-230;-353;-378;-588
-688;-355;218;-145;-31;-122;-233;-354;-376;-587
-691;-365;219;-146;-29;-122;-237;-354;-373;-585
-694;-374;219;-146;-28;-121;-239;-355;-371;-584
-697;-383;219;-147;-27;-120;-242;-355;-368;-582
-699;-393;219;-148;-25;-119;-245;-355;-365;-579
-702;-402;219;-149;-24;-118;-248;-356;-362;-577
-704;-411;218;-149;-23;-118;-251;-356;-359;-575
-705;-419;218;-150;-22;-117;-253;-356;-356;-572
-707;-428;217;-151;-20;-116;-256;-356;-353;-569
-708;-437;217;-152;-19;-115;-258;-356;-350;-567
-709;-445;216;-152;-18;-114;-261;-355;-346;-563
-710;-454;215;-153;-17;-113;-263;-355;-343;-560
-711;-462;214;-154;-16;-112;-265;-355;-339;-557
-711;-470;213;-154;-14;-111;-267;-354;-336;-553
-711;-478;212;-155;-13;-110;-269;-353;-332;-550
-711;-485;211;-156;-12;-109;-271;-353;-328;-546
-711;-493;209;-157;-11;-108;-273;-352;-324;-542
-710;-501;208;-157;-10;-107;-275;-351;-320;-538
-709;-508;206;-158;-9;-106;-277;-350;-316;-533
-708;-515;204;-159;-8;-105;-278;-349;-312;-529
-707;-522;202;-159;-7;-104;-280;-347;-307;-524
-705;-529;200;-160;-6;-103;-281;-346;-303;-519
-703;-535;198;-161;-5;-102;-282;-345;-298;-515
-701;-542;196;-161;-4;-101;-284;-343;-294;-510
-699;-548;194;-162;-4;-100;-285;-342;-289;-504
-696;-554;192;-162;-3;-99;-286;-340;-284;-499
-694;-560;189;-163;-2;-98;-287;-338;-280;-494
-691;-566;187;-164;-1;-97;-288;-336;-275;-488
-687;-572;184;-164;0;-96;-289;-334;-270;-482
-684;-577;181;-165;0;-94;-289;-332;-265;-477
-680;-582;178;-165;1;-93;-290;-330;-260;-471
-676;-587;176;-166;2;-92;-291;-328;-255;-465
-672;-592;172;-166;2;-91;-291;-326;-249;-458
-667;-597;169;-167;3;-90;-291;-323;-244;-452
-663;-601;166;-167;4;-88;-292;-321;-239;-446
-658;-606;163;-168;4;-87;-292;-318;-233;-439
-653;-610;160;-168;5;-86;-292;-316;-228;-432
-647;-614;156;-169;5;-85;-292;-313;-222;-426
-642;-617;153;-169;6;-84;-292;-310;-217;-419
-636;-621;149;-170;6;-82;-292;-307;-211;-412
-630;-624;145;-170;6;-81;-291;-304;-206;-405
-624;-627;141;-170;7;-80;-291;-301;-200;-398
-617;-630;138;-171;7;-79;-290;-298;-194;-390
-610;-633;134;-171;7;-78;-290;-295;-188;-383
-604;-635;130;-171;8;-76;-289;-292;-183;-376
-596;-638;126;-172;8;-75;-288;-288;-177;-368
-589;-640;121;-172;8;-74;-288;-285;-171;-360
-582;-641;117;-172;9;-73;-287;-282;-165;-353
-574;-643;113;-173;9;-71;-286;-278;-159;-345
-566;-644;109;-173;9;-70;-284;-274;-153;-337
-558;-646;104;-173;9;-69;-283;-271;-147;-329
-550;-647;100;-173;9;-68;-282;-267;-141;-321
-542;-647;95;-174;9;-67;-281;-263;-135;-313
-533;-648;91;-174;9;-65;-279;-259;-129;-305
-524;-648;86;-174;9;-64;-277;-255;-123;-297
-515;-649;81;-174;9;-63;-276;-252;-117;-289
-506;-649;77;-174;9;-62;-274;-248;-111;-280
-497;-648;72;-174;9;-61;-272;-243;-105;-272
-487;-648;67;-174;9;-59;-270;-239;-99;-263
-478;-647;62;-174;9;-58;-268;-235;-93;-255
-468;-646;57;-175;9;-57;-266;-231;-86;-246
-458;-645;52;-175;8;-56;-264;-227;-80;-238
-448;-644;47;-175;8;-55;-262;-222;-74;-229
-438;-642;42;-175;8;-54;-260;-218;-68;-221
-428;-640;37;-174;8;-53;-257;-214;-62;-212
-417;-639;32;-174;7;-52;-255;-209;-56;-203
-407;-636;27;-174;7;-50;-252;-205;-50;-195
-396;-634;22;-174;7;-49;-250;-200;-44;-186
-385;-631;16;-174;6;-48;-247;-196;-38;-177
-374;-629;11;-174;6;-47;-244;-191;-32;-169
-363;-626;6;-174;5;-46;-242;-186;-26;-160
-352;-623;1;-174;5;-45;-239;-182;-21;-151
-341;-619;-5;-173;4;-44;-236;-177;-15;-142
-329;-616;-10;-173;4;-43;-233;-172;-9;-133
-318;-612;-15;-173;3;-42;-230;-168;-3;-125
-306;-608;-21;-172;3;-41;-226;-163;3;-116
-295;-604;-26;-172;2;-40;-223;-158;8;-107
-283;-599;-31;-172;1;-39;-220;-153;14;-98
-271;-595;-37;-171;1;-38;-217;-149;19;-90
-259;-590;-42;-171;0;-38;-213;-144;25;-81
-247;-585;-48;-171;-1;-37;-210;-139;31;-72
-235;-580;-53;-170;-1;-36;-206;-134;36;-63
-223;-575;-58;-170;-2;-35;-203;-129;41;-55
-211;-569;-64;-169;-3;-34;-199;-124;47;-46
-199;-563;-69;-169;-4;-33;-196;-120;52;-37
-187;-558;-75;-168;-5;-33;-192;-115;57;-29
-175;-552;-80;-168;-5;-32;-188;-110;62;-20
-163;-545;-85;-167;-6;-31;-184;-105;67;-12
-150;-539;-91;-166;-7;-30;-181;-100;72;-3
-138;-532;-96;-166;-8;-30;-177;-95;77;5
-126;-526;-101;-165;-9;-29;-173;-91;82;13
-113;-519;-107;-164;-10;-29;-169;-86;87;22
-101;-512;-112;-164;-11;-28;-165;-81;92;30
-89;-505;-117;-163;-12;-27;-161;-76;96;38
-76;-497;-123;-162;-13;-27;-157;-72;101;46
-64;-490;-128;-161;-14;-26;-153;-67;105;54
-52;-482;-133;-161;-15;-26;-149;-62;110;62
-40;-474;-138;-160;-16;-25;-145;-57;114;70
-27;-466;-144;-159;-18;-25;-141;-53;118;78
-15;-458;-149;-158;-19;-24;-137;-48;122;86
-3;-450;-154;-157;-20;-24;-133;-43;126;94
9;-442;-159;-156;-21;-24;-128;-39;130;101
21;-433;-164;-155;-22;-23;-124;-34;134;109
33;-425;-169;-154;-23;-23;-120;-30;138;117
45;-416;-174;-153;-25;-23;-116;-25;142;124
57;-407;-179;-152;-26;-23;-112;-21;145;131
69;-398;-184;-151;-27;-22;-107;-16;149;138
81;-389;-189;-150;-29;-22;-103;-12;152;146
93;-380;-194;-149;-30;-22;-99;-8;155;153
105;-371;-198;-148;-31;-22;-95;-3;158;160
116;-361;-203;-147;-33;-22;-90;1;161;166
128;-352;-208;-146;-34;-22;-86;5;164;173
139;-342;-212;-144;-35;-22;-82;9;167;180
150;-332;-217;-143;-37;-22;-78;13;170;186
162;-323;-221;-142;-38;-22;-74;17;172;193
173;-313;-226;-141;-39;-22;-69;21;175;199
184;-303;-230;-139;-41;-22;-65;25;177;205
195;-293;-235;-138;-42;-22;-61;29;179;211
205;-283;-239;-137;-44;-22;-57;33;182;217
216;-272;-243;-135;-45;-22;-53;37;184;223
226;-262;-247;-134;-47;-23;-49;41;186;229
237;-252;-252;-133;-48;-23;-45;44;187;234
247;-242;-256;-131;-50;-23;-41;48;189;240
257;-231;-260;-130;-51;-23;-37;51;191;245
267;-221;-264;-128;-53;-24;-33;55;192;250
277;-210;-267;-127;-54;-24;-29;58;193;255
287;-200;-271;-125;-56;-24;-25;61;195;260
296;-189;-275;-124;-57;-25;-21;65;196;265
305;-178;-279;-122;-59;-25;-17;68;197;269
315;-168;-282;-121;-60;-26;-13;71;197;274
324;-157;-286;-119;-62;-26;-9;74;198;278
333;-146;-289;-118;-63;-27;-6;77;199;283
341;-136;-293;-116;-65;-28;-2;80;199;287
350;-125;-296;-115;-67;-28;2;82;200;291
358;-114;-299;-113;-68;-29;5;85;200;294
366;-104;-302;-111;-70;-29;9;88;200;298
374;-93;-305;-110;-71;-30;13;90;200;302
382;-82;-308;-108;-73;-31;16;93;200;305
389;-71;-311;-106;-75;-32;19;95;199;308
397;-61;-314;-105;-76;-33;23;97;199;311
404;-50;-317;-103;-78;-33;26;100;199;314
411;-39;-320;-101;-79;-34;29;102;198;317
418;-29;-322;-100;-81;-35;33;104;197;320
424;-18;-325;-98;-83;-36;36;106;196;322
431;-7;-327;-96;-84;-37;39;108;195;324
437;3;-330;-94;-86;-38;42;109;194;327
443;14;-332;-93;-87;-39;45;111;193;329
448;24;-334;-91;-89;-40;48;113;192;330
454;34;-336;-89;-91;-41;50;114;190;332
459;45;-338;-87;-92;-42;53;116;189;334
464;55;-340;-86;-94;-43;56;117;187;335
469;65;-342;-84;-96;-44;58;118;185;336
473;76;-344;-82;-97;-46;61;119;183;337
478;86;-345;-80;-99;-47;63;120;181;338
482;96;-347;-78;-100;-48;66;121;179;339
486;106;-349;-77;-102;-49;68;122;177;340
489;115;-350;-75;-104;-51;70;123;175;340
493;125;-351;-73;-105;-52;73;124;172;340
496;135;-353;-71;-107;-53;75;124;170;341
499;145;-354;-69;-108;-54;77;125;167;340
502;154;-355;-67;-110;-56;79;125;164;340
504;164;-356;-66;-111;-57;80;126;161;340
506;173;-357;-64;-113;-59;82;126;158;339
508;182;-357;-62;-115;-60;84;126;155;339
510;191;-358;-60;-116;-62;85;126;152;338
512;200;-359;-58;-118;-63;87;126;149;337
513;209;-359;-57;-119;-64;88;126;145;336
514;218;-360;-55;-121;-66;90;126;142;335
514;226;-360;-53;-122;-68;91;125;138;333
515;235;-361;-51;-124;-69;92;125;134;332
515;243;-361;-49;-125;-71;93;125;131;330
515;251;-361;-48;-127;-72;94;124;127;328
515;260;-361;-46;-128;-74;95;123;123;326
515;268;-361;-44;-130;-75;96;123;119;324
514;275;-361;-42;-131;-77;97;122;115;322
513;283;-361;-40;-132;-79;97;121;110;319
512;291;-360;-39;-134;-80;98;120;106;317
510;298;-360;-37;-135;-82;98;119;102;314
508;305;-359;-35;-137;-84;99;117;97;311
507;312;-359;-34;-138;-85;99;116;93;308
504;319;-358;-32;-139;-87;99;115;88;305
502;326;-357;-30;-141;-89;99;113;84;301
499;332;-357;-29;-142;-91;99;112;79;298
496;339;-356;-27;-144;-92;99;110;74;294
493;345;-355;-25;-145;-94;99;109;69;291
490;351;-354;-24;-146;-96;99;107;64;287
486;357;-353;-22;-147;-98;99;105;59;283
482;363;-351;-20;-149;-99;98;103;54;279
478;368;-350;-19;-150;-101;98;101;49;274
474;374;-349;-17;-151;-103;97;99;44;270
470;379;-347;-16;-152;-105;96;97;39;265
465;384;-346;-14;-154;-107;96;95;34;261
460;389;-344;-13;-155;-108;95;93;28;256
455;393;-343;-11;-156;-110;94;90;23;251
449;398;-341;-10;-157;-112;93;88;18;246
444;402;-339;-8;-158;-114;92;85;12;241
438;406;-337;-7;-160;-116;91;83;7;236
432;410;-335;-6;-161;-117;89;80;1;230
425;413;-333;-4;-162;-119;88;77;-4;225
419;417;-331;-3;-163;-121;87;75;-10;219
412;420;-329;-2;-164;-123;85;72;-15;214
405;423;-327;0;-165;-125;83;69;-21;208
398;426;-324;1;-166;-126;82;66;-27;202
391;428;-322;2;-167;-128;80;63;-32;196
384;431;-319;3;-168;-130;78;60;-38;190
376;433;-317;5;-169;-132;76;57;-44;184
368;435;-314;6;-170;-134;74;54;-49;178
360;437;-312;7;-171;-135;72;51;-55;171
352;439;-309;8;-172;-137;70;48;-61;165
344;440;-306;9;-173;-139;68;44;-67;158
335;441;-303;10;-173;-141;65;41;-72;152
326;442;-300;11;-174;-142;63;38;-78;145
318;443;-297;12;-175;-144;61;34;-84;138
309;444;-294;13;-176;-146;58;31;-90;131
299;444;-291;14;-177;-147;56;27;-95;125
290;444;-288;15;-177;-149;53;24;-101;118
281;444;-285;15;-178;-151;50;20;-107;110
271;444;-282;16;-179;-152;47;16;-113;103
261;443;-279;17;-180;-154;45;13;-118;96
251;443;-275;18;-180;-156;42;9;-124;89
241;442;-272;18;-181;-157;39;5;-130;82
231;441;-268;19;-182;-159;36;2;-135;74
221;439;-265;19;-182;-160;33;-2;-141;67
210;438;-261;20;-183;-162;30;-6;-147;59
200;436;-258;21;-183;-163;26;-10;-152;52
189;434;-254;21;-184;-165;23;-13;-158;44
179;432;-251;21;-184;-166;20;-17;-163;37
168;430;-247;22;-185;-168;16;-21;-169;29
157;427;-243;22;-185;-169;13;-25;-174;21
146;424;-239;23;-186;-171;10;-29;-179;14
135;421;-235;23;-186;-172;6;-33;-185;6
123;418;-232;23;-187;-174;3;-37;-190;-2
112;415;-228;23;-187;-175;-1;-40;-195;-9
101;411;-224;23;-188;-176;-5;-44;-201;-17
89;408;-220;24;-188;-178;-8;-48;-206;-25
78;404;-216;24;-188;-179;-12;-52;-211;-33
66;400;-212;24;-189;-180;-16;-56;-216;-41
55;395;-208;24;-189;-181;-19;-60;-221;-49
43;391;-204;24;-189;-182;-23;-64;-226;-57
31;386;-200;24;-189;-184;-27;-68;-231;-64
19;381;-195;23;-190;-185;-31;-72;-235;-72
8;376;-191;23;-190;-186;-35;-76;-240;-80
-4;371;-187;23;-190;-187;-39;-80;-245;-88
-16;366;-183;23;-190;-188;-43;-83;-250;-96
-28;360;-179;22;-190;-189;-47;-87;-254;-104
-40;354;-174;22;-190;-190;-51;-91;-259;-112
-52;348;-170;22;-190;-191;-55;-95;-263;-120
-64;342;-166;21;-190;-192;-59;-99;-267;-127
-75;336;-162;21;-190;-193;-63;-103;-272;-135
-87;330;-157;20;-190;-194;-67;-106;-276;-143
-99;323;-153;20;-190;-194;-71;-110;-280;-151
-111;316;-149;19;-190;-195;-75;-114;-284;-158
-123;309;-144;18;-190;-196;-79;-118;-288;-166
-135;302;-140;18;-190;-197;-83;-121;-292;-174
-147;295;-136;17;-190;-197;-87;-125;-295;-181
-158;288;-131;16;-190;-198;-91;-128;-299;-189
-170;280;-127;15;-190;-199;-95;-132;-303;-197
-182;273;-122;14;-190;-199;-99;-136;-306;-204
-194;265;-118;13;-190;-200;-103;-139;-310;-212
-205;257;-114;13;-189;-200;-107;-143;-313;-219
-217;249;-109;12;-189;-201;-112;-146;-316;-226
-228;241;-105;10;-189;-201;-116;-149;-319;-234
-240;232;-100;9;-189;-201;-120;-153;-322;-241
-251;224;-96;8;-188;-202;-124;-156;-325;-248
-262;215;-92;7;-188;-202;-128;-159;-328;-255
-273;207;-87;6;-188;-202;-132;-163;-331;-262
-285;198;-83;5;-187;-202;-136;-166;-333;-269
-296;189;-79;3;-187;-203;-140;-169;-336;-276
-307;180;-74;2;-187;-203;-144;-172;-338;-283
-317;171;-70;1;-186;-203;-148;-175;-341;-290
-328;162;-66;-1;-186;-203;-152;-178;-343;-297
-339;152;-61;-2;-185;-203;-156;-181;-345;-303
-349;143;-57;-4;-185;-203;-159;-184;-347;-310
-360;134;-53;-5;-184;-203;-163;-187;-349;-316
-370;124;-49;-7;-184;-203;-167;-189;-351;-323
-380;114;-44;-9;-183;-203;-171;-192;-353;-329
-390;105;-40;-10;-183;-202;-175;-195;-354;-335
-400;95;-36;-12;-182;-202;-178;-197;-356;-341
-410;85;-32;-14;-182;-202;-182;-200;-357;-347
-420;75;-28;-16;-181;-202;-186;-202;-358;-353
-429;65;-24;-17;-181;-201;-189;-205;-359;-359
-439;55;-20;-19;-180;-201;-193;-207;-360;-365
-448;45;-15;-21;-179;-200;-196;-210;-361;-370
-457;35;-11;-23;-179;-200;-200;-212;-362;-376
-466;25;-7;-25;-178;-199;-203;-214;-363;-381
-474;15;-3;-27;-177;-199;-207;-216;-364;-387
-483;4;1;-29;-176;-198;-210;-218;-364;-392
-491;-6;4;-31;-176;-198;-213;-220;-365;-397
-500;-16;8;-33;-175;-197;-217;-222;-365;-402
-508;-27;12;-35;-174;-196;-220;-224;-365;-407
-516;-37;16;-37;-173;-196;-223;-226;-365;-412
-523;-47;20;-40;-173;-195;-226;-227;-365;-416
-531;-58;23;-42;-172;-194;-229;-229;-365;-421
-538;-68;27;-44;-171;-193;-232;-231;-365;-425
-545;-78;31;-46;-170;-192;-235;-232;-364;-430
-552;-89;34;-48;-169;-191;-238;-234;-364;-434
-559;-99;38;-51;-168;-190;-241;-235;-363;-438
-566;-110;42;-53;-167;-189;-243;-236;-363;-442
-572;-120;45;-56;-166;-188;-246;-237;-362;-446
-578;-130;48;-58;-165;-187;-249;-239;-361;-449
-584;-141;52;-60;-164;-186;-251;-240;-360;-453
-590;-151;55;-63;-163;-185;-254;-241;-359;-456
-596;-161;58;-65;-162;-184;-256;-242;-358;-459
-601;-171;62;-68;-161;-182;-259;-243;-356;-463
-606;-181;65;-70;-160;-181;-261;-243;-355;-466
-611;-192;68;-73;-159;-180;-263;-244;-353;-469
-616;-202;71;-75;-158;-178;-265;-245;-352;-471
-620;-212;74;-78;-157;-177;-267;-245;-350;-474
-624;-222;77;-80;-156;-176;-269;-246;-348;-476
-628;-232;80;-83;-155;-174;-271;-246;-346;-479
-632;-242;83;-85;-154;-173;-273;-247;-344;-481
-636;-251;86;-88;-153;-171;-275;-247;-342;-483
-639;-261;89;-91;-152;-170;-277;-247;-340;-485
-642;-271;91;-93;-151;-168;-279;-247;-338;-487
-645;-280;94;-96;-150;-166;-280;-248;-335;-488
-648;-290;97;-99;-148;-165;-282;-248;-333;-490
-651;-299;99;-101;-147;-163;-283;-248;-330;-491
-653;-309;102;-104;-146;-161;-285;-248;-328;-493
-655;-318;104;-107;-145;-160;-286;-247;-325;-494
-657;-327;106;-109;-144;-158;-287;-247;-322;-495
-658;-336;109;-112;-142;-156;-288;-247;-319;-495
-659;-345;111;-115;-141;-154;-289;-246;-316;-496
-661;-354;113;-117;-140;-152;-290;-246;-313;-497
-661;-363;115;-120;-139;-151;-291;-246;-310;-497
-662;-371;117;-123;-137;-149;-292;-245;-307;-497
-662;-380;119;-125;-136;-147;-293;-244;-304;-497
-663;-388;121;-128;-135;-145;-293;-244;-300;-497
-663;-396;123;-131;-134;-143;-294;-243;-297;-497
-662;-405;125;-134;-132;-141;-295;-242;-293;-497
-662;-413;127;-136;-131;-139;-295;-241;-290;-496
-661;-420;128;-139;-130;-137;-295;-240;-286;-496
-660;-428;130;-142;-128;-135;-296;-239;-282;-495
-659;-436;131;-144;-127;-133;-296;-238;-278;-494
-657;-443;133;-147;-126;-131;-296;-237;-275;-493
-656;-451;134;-150;-124;-129;-296;-236;-271;-492
-654;-458;135;-152;-123;-126;-296;-235;-267;-491
-652;-465;137;-155;-122;-124;-296;-234;-263;-490
-649;-472;138;-157;-120;-122;-296;-232;-259;-488
-647;-478;139;-160;-119;-120;-296;-231;-254;-486
-644;-485;140;-163;-118;-118;-295;-230;-250;-484
-641;-491;141;-165;-116;-116;-295;-228;-246;-483
-638;-498;142;-168;-115;-113;-294;-227;-242;-480
-634;-504;143;-170;-113;-111;-294;-225;-237;-478
-631;-510;143;-173;-112;-109;-293;-224;-233;-476
-627;-515;144;-175;-111;-107;-293;-222;-229;-473
-623;-521;144;-178;-109;-104;-292;-220;-224;-471
-618;-526;145;-180;-108;-102;-291;-218;-220;-468
-614;-531;145;-183;-106;-100;-290;-217;-215;-465
-609;-536;146;-185;-105;-98;-289;-215;-210;-462
-604;-541;146;-188;-104;-95;-288;-213;-206;-459
-599;-546;146;-190;-102;-93;-287;-211;-201;-456
-594;-550;146;-192;-101;-91;-286;-209;-196;-452
-588;-555;147;-195;-99;-89;-285;-207;-192;-449
-583;-559;147;-197;-98;-86;-283;-205;-187;-445
-577;-563;146;-199;-97;-84;-282;-203;-182;-442
-571;-567;146;-201;-95;-82;-280;-201;-178;-438
-564;-570;146;-203;-94;-79;-279;-199;-173;-434
-558;-573;146;-206;-92;-77;-277;-197;-168;-430
-551;-577;145;-208;-91;-75;-276;-195;-163;-426
-545;-580;145;-210;-89;-73;-274;-193;-158;-421
-538;-582;144;-212;-88;-70;-272;-190;-153;-417
-531;-585;144;-214;-87;-68;-270;-188;-149;-413
-523;-587;143;-216;-85;-66;-268;-186;-144;-408
-516;-589;142;-218;-84;-63;-266;-184;-139;-403
-508;-591;142;-220;-82;-61;-264;-181;-134;-398
-500;-593;141;-222;-81;-59;-262;-179;-129;-394
-493;-595;140;-223;-79;-57;-260;-177;-124;-388
-485;-596;139;-225;-78;-54;-258;-174;-119;-383
-476;-597;138;-227;-77;-52;-256;-172;-115;-378
-468;-598;136;-229;-75;-50;-253;-170;-110;-373
-460;-599;135;-230;-74;-48;-251;-167;-105;-368
-451;-600;134;-232;-72;-46;-249;-165;-100;-362
-442;-600;132;-233;-71;-44;-246;-162;-95;-357
-433;-600;131;-235;-70;-41;-244;-160;-90;-351
-424;-600;129;-236;-68;-39;-241;-158;-86;-345
-415;-600;128;-238;-67;-37;-239;-155;-81;-339
-406;-600;126;-239;-66;-35;-236;-153;-76;-333
-397;-599;124;-241;-64;-33;-233;-150;-71;-328
-387;-598;123;-242;-63;-31;-230;-148;-67;-321
-378;-597;121;-243;-61;-29;-228;-146;-62;-315
-368;-596;119;-244;-60;-27;-225;-143;-57;-309
-358;-594;117;-245;-59;-25;-222;-141;-53;-303
-349;-593;115;-246;-57;-23;-219;-138;-48;-297
-339;-591;112;-247;-56;-21;-216;-136;-44;-290
-329;-589;110;-248;-55;-19;-213;-133;-39;-284
-319;-587;108;-249;-53;-17;-210;-131;-35;-277
-308;-584;106;-250;-52;-15;-207;-129;-30;-271
-298;-582;103;-251;-51;-13;-204;-126;-26;-264
-288;-579;101;-252;-50;-12;-201;-124;-22;-258
-278;-576;98;-252;-48;-10;-198;-122;-17;-251
-267;-573;96;-253;-47;-8;-195;-119;-13;-244
-257;-570;93;-253;-46;-6;-191;-117;-9;-237
-247;-566;90;-254;-45;-5;-188;-115;-5;-231
-236;-562;87;-254;-43;-3;-185;-112;-1;-224
-226;-558;84;-255;-42;-1;-182;-110;3;-217
-215;-554;82;-255;-41;0;-179;-108;7;-210
-204;-550;79;-255;-40;2;-175;-106;11;-203
-194;-546;76;-256;-39;3;-172;-103;15;-196
-183;-541;72;-256;-37;5;-169;-101;19;-189
-173;-536;69;-256;-36;6;-165;-99;23;-182
-162;-531;66;-256;-35;8;-162;-97;27;-175
-151;-526;63;-256;-34;9;-158;-95;30;-168
-141;-521;60;-256;-33;11;-155;-93;34;-161
-130;-515;56;-256;-32;12;-152;-91;37;-154
-119;-510;53;-256;-31;13;-148;-89;41;-146
-109;-504;49;-255;-30;14;-145;-87;44;-139
-98;-498;46;-255;-29;16;-141;-85;47;-132
-88;-492;42;-255;-27;17;-138;-83;51;-125
-77;-486;39;-254;-26;18;-135;-81;54;-118
-67;-480;35;-254;-25;19;-131;-79;57;-111
-56;-473;31;-253;-24;20;-128;-77;60;-104
-46;-466;27;-252;-24;21;-124;-75;63;-96
-35;-460;24;-252;-23;22;-121;-73;66;-89
-25;-453;20;-251;-22;23;-117;-72;69;-82
-15;-446;16;-250;-21;24;-114;-70;71;-75
-4;-438;12;-249;-20;24;-111;-68;74;-68
6;-431;8;-248;-19;25;-107;-67;77;-61
16;-424;4;-247;-18;26;-104;-65;79;-54
26;-416;0;-246;-17;26;-100;-64;82;-47
36;-408;-4;-245;-16;27;-97;-62;84;-40
46;-401;-8;-244;-16;28;-94;-61;86;-33
55;-393;-12;-243;-15;28;-90;-59;88;-26
65;-385;-17;-242;-14;29;-87;-58;90;-19
75;-377;-21;-240;-13;29;-83;-57;92;-12
84;-368;-25;-239;-13;30;-80;-55;94;-5
93;-360;-29;-237;-12;30;-77;-54;96;2
103;-352;-34;-236;-11;30;-74;-53;98;8
112;-343;-38;-234;-11;30;-70;-52;100;15
121;-335;-42;-233;-10;31;-67;-51;101;22
130;-326;-47;-231;-9;31;-64;-49;103;28
139;-317;-51;-229;-9;31;-61;-48;104;35
147;-308;-56;-227;-8;31;-57;-47;106;42
156;-300;-60;-225;-8;31;-54;-47;107;48
165;-291;-64;-224;-7;31;-51;-46;108;54
173;-282;-69;-222;-7;31;-48;-45;109;61
181;-272;-73;-220;-6;30;-45;-44;110;67
189;-263;-78;-217;-6;30;-42;-43;111;73
197;-254;-82;-215;-5;30;-39;-42;112;79
205;-245;-87;-213;-5;30;-36;-42;112;86
212;-236;-92;-211;-5;29;-33;-41;113;92
220;-226;-96;-209;-4;29;-30;-41;114;97
227;-217;-101;-206;-4;28;-27;-40;114;103
234;-208;-105;-204;-4;28;-24;-40;115;109
241;-198;-110;-201;-4;27;-21;-39;115;115
248;-189;-115;-199;-3;27;-19;-39;115;120
255;-179;-119;-196;-3;26;-16;-38;115;126
261;-170;-124;-194;-3;25;-13;-38;115;132
268;-160;-128;-191;-3;25;-11;-38;115;137
274;-151;-133;-189;-3;24;-8;-38;115;142
280;-141;-138;-186;-3;23;-5;-37;115;147
285;-132;-142;-183;-3;22;-3;-37;115;153
291;-122;-147;-180;-3;21;0;-37;114;158
296;-113;-151;-178;-3;20;2;-37;114;163
302;-103;-156;-175;-3;19;5;-37;113;167
307;-94;-160;-172;-3;18;7;-37;113;172
312;-85;-165;-169;-3;17;9;-37;112;177
316;-75;-170;-166;-3;16;12;-37;111;181
321;-66;-174;-163;-3;14;14;-37;110;186
325;-56;-179;-160;-3;13;16;-38;109;190
329;-47;-183;-157;-3;12;18;-38;108;194
333;-38;-188;-154;-4;10;20;-38;107;198
337;-29;-192;-151;-4;9;22;-38;106;203
340;-19;-197;-147;-4;7;24;-39;105;206
344;-10;-201;-144;-4;6;26;-39;104;210
347;-1;-205;-141;-5;4;28;-39;102;214
350;8;-210;-138;-5;3;30;-40;101;218
353;17;-214;-134;-6;1;32;-40;99;221
355;26;-218;-131;-6;-1;34;-41;98;224
357;35;-223;-128;-6;-3;35;-41;96;228
359;43;-227;-125;-7;-4;37;-42;94;231
361;52;-231;-121;-7;-6;39;-43;92;234
363;61;-235;-118;-8;-8;40;-43;91;237
365;69;-239;-114;-9;-10;42;-44;89;239
366;78;-244;-111;-9;-12;43;-45;87;242
367;86;-248;-108;-10;-14;45;-45;85;245
368;94;-252;-104;-11;-16;46;-46;82;247
368;102;-256;-101;-11;-18;47;-47;80;249
369;110;-260;-97;-12;-20;48;-48;78;252
369;118;-264;-94;-13;-22;50;-49;76;254
369;126;-267;-90;-14;-25;51;-49;73;256
369;134;-271;-87;-14;-27;52;-50;71;257
369;142;-275;-83;-15;-29;53;-51;68;259
368;149;-279;-80;-16;-31;54;-52;66;261
368;156;-282;-76;-17;-34;55;-53;63;262
367;164;-286;-73;-18;-36;56;-54;61;263
365;171;-290;-69;-19;-38;57;-55;58;264
364;178;-293;-66;-20;-41;57;-56;55;266
363;185;-297;-62;-21;-43;58;-57;53;266
361;191;-300;-59;-22;-46;59;-58;50;267
359;198;-303;-55;-23;-48;59;-59;47;268
357;205;-307;-52;-24;-51;60;-60;44;268
354;211;-310;-48;-26;-53;61;-61;41;269
352;217;-313;-45;-27;-56;61;-62;38;269
349;223;-316;-41;-28;-59;61;-64;35;269
346;229;-319;-38;-29;-61;62;-65;32;269
343;235;-322;-35;-31;-64;62;-66;29;269
340;240;-325;-31;-32;-66;62;-67;26;269
337;246;-328;-28;-33;-69;63;-68;22;269
333;251;-331;-24;-34;-72;63;-69;19;268
329;256;-333;-21;-36;-75;63;-70;16;268
325;261;-336;-18;-37;-77;63;-72;13;267
321;266;-339;-14;-39;-80;63;-73;9;266
317;270;-341;-11;-40;-83;63;-74;6;265
312;275;-344;-8;-42;-86;63;-75;3;264
307;279;-346;-5;-43;-89;63;-76;0;263
303;283;-348;-1;-45;-91;63;-77;-4;262
298;287;-350;2;-46;-94;62;-78;-7;260
293;291;-352;5;-48;-97;62;-80;-11;259
287;295;-355;8;-49;-100;62;-81;-14;257
282;298;-356;11;-51;-103;61;-82;-18;255
276;301;-358;14;-53;-106;61;-83;-21;253
270;304;-360;17;-54;-109;61;-84;-24;251
264;307;-362;20;-56;-111;60;-85;-28;249
258;310;-363;23;-58;-114;60;-86;-31;247
252;313;-365;26;-59;-117;59;-87;-35;244
246;315;-366;29;-61;-120;58;-89;-38;242
239;317;-368;32;-63;-123;58;-90;-42;239
233;319;-369;34;-65;-126;57;-91;-45;236
226;321;-370;37;-67;-129;56;-92;-49;234
219;322;-371;40;-68;-132;55;-93;-52;231
212;324;-372;42;-70;-135;55;-94;-56;228
205;325;-373;45;-72;-138;54;-95;-59;224
198;326;-374;47;-74;-140;53;-96;-63;221
191;327;-375;50;-76;-143;52;-97;-66;218
183;328;-376;52;-78;-146;51;-98;-70;214
176;328;-376;55;-80;-149;50;-99;-73;211
168;329;-377;57;-82;-152;49;-100;-77;207
161;329;-377;59;-84;-155;48;-101;-80;203
153;329;-377;62;-86;-158;46;-101;-84;199
145;328;-378;64;-88;-160;45;-102;-87;195
137;328;-378;66;-90;-163;44;-103;-91;191
129;327;-378;68;-92;-166;43;-104;-94;187
121;327;-378;70;-94;-169;41;-105;-97;183
113;326;-378;72;-96;-172;40;-105;-101;178
104;325;-377;74;-98;-174;39;-106;-104;174
96;323;-377;75;-100;-177;37;-107;-108;169
88;322;-377;77;-102;-180;36;-108;-111;165
79;320;-376;79;-104;-182;35;-108;-114;160
71;318;-375;80;-106;-185;33;-109;-117;155
62;316;-375;82;-108;-188;32;-109;-121;150
53;314;-374;83;-110;-190;30;-110;-124;145
45;312;-373;85;-112;-193;28;-111;-127;140
36;309;-372;86;-114;-195;27;-111;-130;135
27;306;-371;87;-117;-198;25;-112;-133;130
19;303;-370;88;-119;-200;24;-112;-136;125
10;300;-368;90;-121;-203;22;-112;-139;120
1;297;-367;91;-123;-205;20;-113;-142;114
-8;294;-366;92;-125;-208;19;-113;-145;109
-16;290;-364;92;-127;-210;17;-114;-148;103
-25;286;-362;93;-129;-212;15;-114;-151;98
-34;282;-361;94;-131;-215;13;-114;-154;92
-43;278;-359;95;-133;-217;11;-114;-157;86
-52;274;-357;95;-135;-219;10;-115;-160;81
-61;270;-355;96;-138;-221;8;-115;-162;75
-69;265;-353;96;-140;-223;6;-115;-165;69
-78;261;-350;96;-142;-225;4;-115;-168;63
-87;256;-348;97;-144;-227;2;-115;-170;57
-96;251;-346;97;-146;-229;0;-115;-173;51
-104;246;-343;97;-148;-231;-2;-115;-175;45
-113;241;-341;97;-150;-233;-4;-115;-178;39
-122;235;-338;97;-152;-235;-6;-115;-180;33
-130;230;-335;97;-154;-237;-8;-115;-183;27
-139;224;-332;97;-156;-239;-10;-115;-185;20
-147;218;-330;96;-158;-241;-12;-115;-187;14
-156;213;-326;96;-160;-242;-14;-114;-190;8
-164;207;-323;96;-162;-244;-16;-114;-192;2
-173;200;-320;95;-164;-246;-18;-114;-194;-5
-181;194;-317;95;-166;-247;-20;-114;-196;-11
-189;188;-314;94;-168;-249;-22;-113;-198;-17
-197;181;-310;93;-170;-250;-24;-113;-200;-24
-205;175;-307;92;-172;-251;-26;-113;-202;-30
-213;168;-303;91;-174;-253;-28;-112;-204;-37
-221;161;-299;90;-175;-254;-30;-112;-206;-43
-229;154;-296;89;-177;-255;-32;-111;-208;-49
-237;147;-292;88;-179;-256;-35;-111;-209;-56
-245;140;-288;87;-181;-257;-37;-110;-211;-62
-252;133;-284;86;-183;-259;-39;-110;-213;-69
-260;126;-280;84;-184;-259;-41;-109;-214;-75
-267;119;-276;83;-186;-260;-43;-109;-216;-82
-274;111;-272;81;-188;-261;-45;-108;-217;-88
-282;104;-268;80;-189;-262;-47;-107;-219;-95
-289;96;-263;78;-191;-263;-50;-107;-220;-101
-296;89;-259;76;-193;-264;-52;-106;-221;-107
-302;81;-254;74;-194;-264;-54;-105;-222;-114
-309;73;-250;72;-196;-265;-56;-104;-224;-120
-316;65;-245;70;-197;-265;-58;-104;-225;-127
-322;57;-241;68;-199;-266;-60;-103;-226;-133
-329;50;-236;66;-200;-266;-63;-102;-227;-139
-335;42;-231;64;-202;-266;-65;-101;-228;-146
-341;34;-227;61;-203;-267;-67;-100;-229;-152
-347;26;-222;59;-205;-267;-69;-99;-230;-158
-353;17;-217;57;-206;-267;-71;-98;-231;-165
-359;9;-212;54;-207;-267;-73;-97;-231;-171
-364;1;-207;51;-208;-267;-76;-96;-232;-177
-369;-7;-202;49;-210;-267;-78;-95;-233;-183
-375;-15;-197;46;-211;-267;-80;-94;-233;-189
-380;-23;-191;43;-212;-267;-82;-93;-234;-195
-385;-32;-186;40;-213;-267;-84;-92;-234;-201
-390;-40;-181;37;-214;-266;-86;-91;-235;-207
-394;-48;-176;34;-215;-266;-88;-90;-235;-213
-399;-56;-170;31;-216;-265;-91;-89;-235;-219
-403;-65;-165;28;-217;-265;-93;-88;-236;-225
-407;-73;-160;25;-218;-264;-95;-87;-236;-231
-412;-81;-154;22;-219;-264;-97;-86;-236;-236
-415;-89;-149;19;-220;-263;-99;-85;-236;-242
-419;-97;-143;15;-221;-262;-101;-83;-236;-248
-423;-106;-138;12;-221;-261;-103;-82;-236;-253
-426;-114;-132;8;-222;-260;-105;-81;-236;-259
-429;-122;-127;5;-223;-259;-107;-80;-236;-264
-432;-130;-121;1;-223;-258;-109;-79;-236;-270
-435;-138;-116;-2;-224;-257;-111;-78;-236;-275
-438;-146;-110;-6;-224;-256;-113;-77;-236;-280
-441;-154;-104;-10;-225;-255;-116;-75;-235;-285
-443;-162;-99;-14;-225;-254;-118;-74;-235;-290
-445;-170;-93;-18;-226;-252;-120;-73;-235;-296
-447;-178;-87;-21;-226;-251;-122;-72;-234;-300
-449;-185;-82;-25;-226;-249;-124;-71;-234;-305
-451;-193;-76;-29;-226;-248;-125;-70;-233;-310
-452;-201;-70;-33;-226;-246;-127;-68;-233;-315
-454;-208;-65;-37;-227;-245;-129;-67;-232;-320
-455;-216;-59;-42;-227;-243;-131;-66;-231;-324
-456;-223;-53;-46;-227;-241;-133;-65;-231;-329
-457;-231;-47;-50;-227;-239;-135;-64;-230;-333
-458;-238;-42;-54;-227;-237;-137;-63;-229;-337
-458;-245;-36;-58;-226;-235;-139;-62;-228;-341
-458;-252;-30;-62;-226;-233;-141;-61;-228;-346
-459;-260;-25;-67;-226;-231;-143;-59;-227;-350
-459;-266;-19;-71;-226;-229;-144;-58;-226;-354
-458;-273;-14;-75;-225;-227;-146;-57;-225;-357
-458;-280;-8;-80;-225;-225;-148;-56;-224;-361
-458;-287;-2;-84;-225;-222;-150;-55;-223;-365
-457;-293;3;-89;-224;-220;-152;-54;-222;-368
-456;-300;9;-93;-224;-218;-153;-53;-221;-372
-455;-306;14;-98;-223;-215;-155;-52;-220;-375
-454;-312;20;-102;-222;-213;-157;-51;-218;-379
-452;-319;25;-106;-222;-210;-159;-50;-217;-382
-451;-325;31;-111;-221;-207;-160;-49;-216;-385
-449;-330;36;-115;-220;-205;-162;-48;-215;-388
-447;-336;41;-120;-219;-202;-164;-48;-213;-391
-445;-342;47;-124;-218;-199;-165;-47;-212;-393
-443;-347;52;-129;-217;-197;-167;-46;-211;-396
-441;-353;57;-134;-216;-194;-168;-45;-209;-399
-438;-358;62;-138;-215;-191;-170;-44;-208;-401
-436;-363;67;-143;-214;-188;-172;-44;-207;-403
-433;-368;73;-147;-213;-185;-173;-43;-205;-406
-430;-373;78;-152;-212;-182;-175;-42;-204;-408
-427;-378;83;-156;-211;-179;-176;-42;-202;-410
-424;-382;87;-161;-209;-176;-178;-41;-201;-412
-420;-387;92;-165;-208;-172;-179;-40;-199;-413
-417;-391;97;-170;-206;-169;-181;-40;-198;-415
-413;-395;102;-174;-205;-166;-182;-39;-196;-417
-409;-399;107;-179;-203;-163;-183;-39;-195;-418
-405;-403;111;-183;-202;-159;-185;-38;-193;-419
-401;-407;116;-187;-200;-156;-186;-38;-191;-421
-397;-410;120;-192;-199;-153;-188;-38;-190;-422
-393;-414;125;-196;-197;-149;-189;-37;-188;-423
-388;-417;129;-201;-195;-146;-190;-37;-186;-424
-384;-420;133;-205;-193;-142;-191;-37;-185;-425
-379;-423;138;-209;-191;-139;-193;-36;-183;-425
-374;-426;142;-213;-190;-135;-194;-36;-181;-426
-369;-429;146;-218;-188;-132;-195;-36;-180;-426
-364;-431;150;-222;-186;-128;-196;-36;-178;-427
-359;-433;154;-226;-184;-124;-198;-36;-176;-427
-354;-435;157;-230;-182;-121;-199;-36;-175;-427
-348;-437;161;-234;-179;-117;-200;-36;-173;-427
-343;-439;165;-238;-177;-114;-201;-36;-171;-427
-337;-441;168;-242;-175;-110;-202;-36;-169;-426
-332;-442;172;-246;-173;-106;-203;-36;-168;-426
-326;-444;175;-250;-171;-102;-204;-36;-166;-426
-320;-445;178;-254;-168;-99;-205;-36;-164;-425
-314;-446;181;-258;-166;-95;-206;-37;-162;-424
-308;-447;185;-262;-163;-91;-207;-37;-161;-424
-302;-447;188;-265;-161;-87;-208;-37;-159;-423
-296;-448;190;-269;-159;-84;-209;-38;-157;-422
-289;-448;193;-272;-156;-80;-210;-38;-155;-421
-283;-448;196;-276;-153;-76;-211;-39;-154;-419
-276;-448;198;-279;-151;-72;-212;-39;-152;-418
-270;-448;201;-283;-148;-69;-213;-40;-150;-417
-263;-448;203;-286;-146;-65;-213;-40;-148;-415
-257;-448;206;-290;-143;-61;-214;-41;-147;-413
-250;-447;208;-293;-140;-57;-215;-42;-145;-412
-243;-446;210;-296;-137;-53;-216;-42;-143;-410
-237;-445;212;-299;-135;-50;-217;-43;-141;-408
-230;-444;214;-302;-132;-46;-217;-44;-140;-406
-223;-443;215;-305;-129;-42;-218;-45;-138;-403
-216;-441;217;-308;-126;-38;-219;-46;-136;-401
-209;-440;219;-311;-123;-35;-219;-47;-135;-399
-202;-438;220;-313;-121;-31;-220;-48;-133;-396
-195;-436;221;-316;-118;-27;-220;-49;-131;-394
-188;-434;222;-318;-115;-23;-221;-50;-130;-391
-181;-432;223;-321;-112;-20;-221;-51;-128;-388
-174;-429;224;-323;-109;-16;-222;-52;-126;-385
-167;-427;225;-326;-106;-12;-222;-54;-125;-382
-160;-424;226;-328;-103;-9;-223;-55;-123;-379
-153;-421;227;-330;-100;-5;-223;-56;-122;-376
-145;-418;227;-332;-97;-1;-224;-58;-120;-373
-138;-415;227;-334;-94;2;-224;-59;-118;-369
-131;-412;228;-336;-91;6;-224;-60;-117;-366
-124;-409;228;-338;-87;9;-225;-62;-115;-363
-117;-405;228;-339;-84;13;-225;-63;-114;-359
-110;-402;228;-341;-81;16;-225;-65;-112;-355
-103;-398;227;-343;-78;19;-225;-66;-111;-351
-96;-394;227;-344;-75;23;-226;-68;-109;-348
-89;-390;226;-345;-72;26;-226;-70;-108;-344
-82;-386;226;-346;-69;30;-226;-71;-107;-340
-75;-381;225;-348;-66;33;-226;-73;-105;-336
-68;-377;224;-349;-63;36;-226;-75;-104;-331
-61;-372;223;-350;-60;39;-226;-77;-102;-327
-54;-368;222;-350;-56;42;-226;-79;-101;-323
-47;-363;221;-351;-53;46;-226;-81;-100;-319
-41;-358;220;-352;-50;49;-226;-82;-98;-314
-34;-353;218;-352;-47;52;-226;-84;-97;-310
-27;-348;217;-353;-44;55;-226;-86;-96;-305
-21;-343;215;-353;-41;58;-226;-88;-95;-300
-14;-337;213;-353;-38;60;-226;-90;-93;-296
-8;-332;211;-353;-35;63;-226;-92;-92;-291
-1;-327;209;-353;-32;66;-226;-94;-91;-286
5;-321;207;-353;-29;69;-226;-97;-90;-281
11;-315;205;-353;-26;71;-225;-99;-89;-276
18;-309;203;-353;-23;74;-225;-101;-88;-271
24;-304;200;-352;-20;77;-225;-103;-86;-266
30;-298;198;-352;-17;79;-225;-105;-85;-261
36;-291;195;-351;-14;82;-224;-107;-84;-256
42;-285;192;-351;-11;84;-224;-110;-83;-251
48;-279;189;-350;-8;86;-224;-112;-82;-245
53;-273;186;-349;-5;88;-223;-114;-81;-240
59;-267;183;-348;-2;91;-223;-116;-80;-235
64;-260;180;-347;1;93;-222;-119;-79;-229
70;-254;176;-345;4;95;-222;-121;-78;-224
75;-247;173;-344;6;97;-221;-123;-77;-219
80;-241;169;-343;9;99;-221;-126;-77;-213
86;-234;165;-341;12;101;-220;-128;-76;-208
91;-227;162;-339;14;102;-219;-130;-75;-202
96;-221;158;-338;17;104;-219;-133;-74;-196
100;-214;154;-336;20;106;-218;-135;-73;-191
105;-207;150;-334;22;107;-217;-137;-72;-185
110;-200;145;-332;25;109;-217;-140;-72;-180
114;-193;141;-330;27;110;-216;-142;-71;-174
118;-186;137;-327;30;112;-215;-144;-70;-168
123;-179;132;-325;32;113;-214;-147;-70;-163
127;-173;128;-323;35;114;-213;-149;-69;-157
131;-166;123;-320;37;115;-212;-151;-68;-151
135;-159;118;-317;39;116;-212;-154;-68;-146
138;-152;113;-315;41;117;-211;-156;-67;-140
142;-145;109;-312;44;118;-210;-158;-66;-134
145;-138;104;-309;46;119;-209;-161;-66;-128
149;-131;98;-306;48;120;-208;-163;-65;-123
152;-124;93;-302;50;121;-207;-165;-65;-117
155;-117;88;-299;52;121;-206;-168;-64;-111
158;-110;83;-296;54;122;-204;-170;-64;-105
161;-103;77;-292;56;122;-203;-172;-63;-100
163;-96;72;-289;58;123;-202;-174;-63;-94
166;-89;66;-285;59;123;-201;-177;-62;-88
168;-82;61;-282;61;123;-200;-179;-62;-83
170;-75;55;-278;63;123;-199;-181;-62;-77
173;-68;49;-274;64;123;-197;-183;-61;-71
174;-61;43;-270;66;123;-196;-185;-61;-66
176;-54;38;-266;67;123;-195;-187;-60;-60
178;-48;32;-262;69;123;-193;-190;-60;-54
180;-41;26;-258;70;122;-192;-192;-60;-49
181;-34;20;-253;71;122;-191;-194;-59;-43
182;-27;14;-249;73;121;-189;-196;-59;-38
183;-21;7;-245;74;121;-188;-198;-59;-32
184;-14;1;-240;75;120;-186;-199;-59;-27
185;-8;-5;-236;76;120;-185;-201;-58;-21
186;-1;-11;-231;77;119;-183;-203;-58;-16
186;5;-18;-226;78;118;-182;-205;-58;-11
187;11;-24;-222;79;117;-180;-207;-58;-5
187;17;-30;-217;79;116;-178;-209;-58;0
187;24;-37;-212;80;115;-177;-210;-57;5
187;30;-43;-207;81;113;-175;-212;-57;10
187;36;-50;-202;81;112;-173;-213;-57;15
186;42;-56;-197;82;111;-172;-215;-57;20
186;47;-63;-192;82;109;-170;-217;-57;25
185;53;-69;-186;83;108;-168;-218;-57;30
184;59;-76;-181;83;106;-166;-219;-57;35
183;64;-83;-176;83;104;-165;-221;-56;40
182;70;-89;-170;83;103;-163;-222;-56;45
181;75;-96;-165;83;101;-161;-223;-56;50
180;81;-102;-160;83;99;-159;-225;-56;55
178;86;-109;-154;83;97;-157;-226;-56;59
177;91;-116;-149;83;95;-155;-227;-56;64
175;96;-122;-143;83;92;-153;-228;-56;68
173;101;-129;-137;82;90;-151;-229;-56;73
171;106;-136;-132;82;88;-150;-230;-56;77
169;110;-142;-126;81;85;-148;-231;-56;81
167;115;-149;-120;81;83;-146;-232;-56;86
164;119;-155;-115;80;80;-144;-232;-56;90
162;124;-162;-109;79;78;-141;-233;-56;94
159;128;-169;-103;79;75;-139;-234;-56;98
156;132;-175;-97;78;72;-137;-234;-56;102
153;136;-182;-92;77;69;-135;-235;-56;106
150;140;-188;-86;76;66;-133;-235;-56;109
147;144;-195;-80;75;63;-131;-236;-56;113
144;147;-201;-74;74;60;-129;-236;-56;117
141;151;-207;-68;72;57;-127;-236;-56;120
137;154;-214;-62;71;54;-125;-236;-56;124
134;157;-220;-57;70;51;-122;-237;-56;127
130;160;-227;-51;68;47;-120;-237;-56;130
126;163;-233;-45;67;44;-118;-237;-56;134
122;166;-239;-39;65;40;-116;-236;-56;137
118;169;-245;-33;63;37;-114;-236;-56;140
114;171;-251;-27;62;33;-111;-236;-56;143
110;174;-257;-21;60;30;-109;-236;-56;145
106;176;-263;-16;58;26;-107;-235;-56;148
101;178;-269;-10;56;22;-104;-235;-56;151
97;180;-275;-4;54;19;-102;-235;-56;153
92;182;-281;2;52;15;-100;-234;-56;156
87;183;-287;8;49;11;-98;-233;-56;158
83;185;-293;13;47;7;-95;-233;-56;161
78;186;-298;19;45;3;-93;-232;-56;163
73;188;-304;25;42;-1;-91;-231;-56;165
68;189;-309;30;40;-5;-88;-230;-56;167
63;190;-315;36;37;-10;-86;-229;-56;169
58;191;-320;41;35;-14;-84;-228;-57;170
53;191;-325;47;32;-18;-81;-227;-57;172
47;192;-331;53;29;-22;-79;-226;-57;174
42;192;-336;58;27;-27;-77;-224;-57;175
37;193;-341;63;24;-31;-74;-223;-57;177
31;193;-346;69;21;-35;-72;-222;-57;178
26;193;-350;74;18;-40;-70;-220;-57;179
20;193;-355;79;15;-44;-67;-219;-57;180
14;192;-360;84;12;-49;-65;-217;-57;181
9;192;-364;90;9;-53;-63;-215;-57;182
3;191;-369;95;5;-58;-60;-214;-57;183
-3;190;-373;100;2;-62;-58;-212;-56;184
-8;190;-377;105;-1;-67;-56;-210;-56;184
-14;189;-382;109;-5;-71;-53;-208;-56;185
-20;187;-386;114;-8;-76;-51;-206;-56;185
-26;186;-390;119;-12;-81;-49;-204;-56;185
-32;185;-393;124;-15;-85;-46;-202;-56;185
-38;183;-397;128;-19;-90;-44;-199;-56;186
-44;182;-401;133;-22;-95;-42;-197;-56;185
-49;180;-404;137;-26;-99;-40;-195;-56;185
-55;178;-408;141;-30;-104;-37;-192;-56;185
-61;176;-411;146;-33;-109;-35;-190;-56;185
-67;173;-414;150;-37;-114;-33;-187;-56;184
-73;171;-417;154;-41;-118;-31;-185;-56;184
-79;169;-420;158;-45;-123;-28;-182;-56;183
-85;166;-423;162;-49;-128;-26;-179;-56;182
-91;163;-426;166;-53;-133;-24;-176;-56;182
-97;160;-428;169;-57;-137;-22;-174;-56;181
-103;158;-431;173;-61;-142;-20;-171;-55;180
-109;154;-433;177;-65;-147;-18;-168;-55;178
-115;151;-435;180;-69;-152;-15;-165;-55;177
-121;148;-437;183;-73;-156;-13;-162;-55;176
-127;144;-439;187;-77;-161;-11;-159;-55;174
-133;141;-441;190;-82;-166;-9;-156;-55;173
-138;137;-443;193;-86;-170;-7;-152;-55;171
-144;134;-444;196;-90;-175;-5;-149;-55;170
-150;130;-445;198;-94;-180;-3;-146;-55;168
-156;126;-447;201;-99;-184;-1;-143;-54;166
-161;122;-448;204;-103;-189;1;-139;-54;164
-167;117;-449;206;-107;-193;3;-136;-54;162
-173;113;-450;208;-111;-198;5;-132;-54;160
-178;109;-450;211;-116;-203;6;-129;-54;157
-184;104;-451;213;-120;-207;8;-125;-54;155
-189;100;-452;215;-125;-212;10;-122;-53;152
-195;95;-452;217;-129;-216;12;-118;-53;150
-200;91;-452;218;-133;-220;14;-115;-53;147
-205;86;-452;220;-138;-225;15;-111;-53;145
-210;81;-452;221;-142;-229;17;-107;-53;142
-215;76;-452;223;-146;-233;19;-104;-53;139
-221;71;-451;224;-151;-238;20;-100;-52;136
-226;66;-451;225;-155;-242;22;-96;-52;133
-230;61;-450;226;-159;-246;24;-92;-52;130
-235;55;-450;227;-164;-250;25;-89;-52;127
-240;50;-449;228;-168;-254;27;-85;-52;123
-245;45;-448;228;-172;-258;28;-81;-52;120
-249;39;-446;229;-177;-262;30;-77;-51;117
-254;34;-445;229;-181;-266;31;-73;-51;113
-258;28;-444;229;-185;-270;32;-69;-51;109
-263;23;-442;230;-190;-274;34;-65;-51;106
-267;17;-440;230;-194;-277;35;-62;-51;102
-271;11;-439;229;-198;-281;36;-58;-51;98
-275;6;-437;229;-202;-285;37;-54;-50;95
-279;0;-434;229;-207;-288;39;-50;-50;91
-283;-6;-432;228;-211;-292;40;-46;-50;87
-287;-12;-430;227;-215;-295;41;-42;-50;83
-291;-17;-427;226;-219;-299;42;-38;-50;79
-294;-23;-425;226;-223;-302;43;-34;-50;74
-298;-29;-422;224;-227;-305;44;-30;-49;70
-301;-35;-419;223;-231;-308;45;-27;-49;66
-304;-41;-416;222;-235;-311;46;-23;-49;62
-307;-47;-413;220;-239;-314;46;-19;-49;57
-311;-53;-410;219;-243;-317;47;-15;-49;53
-313;-59;-406;217;-247;-320;48;-11;-49;48
-316;-65;-403;215;-251;-323;49;-7;-49;44
-319;-71;-399;213;-254;-326;49;-4;-49;39
-322;-77;-395;211;-258;-328;50;0;-48;35
-324;-83;-392;209;-262;-331;50;4;-48;30
-326;-89;-388;206;-265;-333;51;8;-48;26
-329;-95;-384;204;-269;-336;51;11;-48;21
-331;-101;-379;201;-272;-338;52;15;-48;16
-333;-107;-375;198;-276;-340;52;18;-48;11
-335;-112;-371;195;-279;-342;53;22;-48;7
-337;-118;-366;192;-283;-344;53;26;-48;2
-338;-124;-362;189;-286;-346;53;29;-48;-3
-340;-130;-357;186;-289;-348;53;33;-48;-8
-341;-136;-352;182;-292;-350;53;36;-48;-13
-342;-142;-347;179;-295;-352;53;39;-48;-18
-344;-147;-342;175;-298;-353;53;43;-48;-23
-345;-153;-337;171;-301;-355;53;46;-48;-28
-345;-159;-332;168;-304;-356;53;49;-48;-33
-346;-164;-326;164;-307;-358;53;52;-48;-38
-347;-170;-321;159;-310;-359;53;56;-48;-43
-347;-175;-315;155;-312;-360;53;59;-48;-48
-348;-181;-310;151;-315;-361;53;62;-48;-53
-348;-186;-304;146;-317;-362;52;65;-48;-58
-348;-192;-298;142;-320;-363;52;68;-48;-63
-348;-197;-293;137;-322;-364;51;70;-48;-68
-348;-202;-287;132;-324;-364;51;73;-48;-73
-348;-207;-281;128;-327;-365;50;76;-49;-78
-348;-213;-275;123;-329;-365;50;79;-49;-83
-347;-218;-268;118;-331;-366;49;81;-49;-89
-347;-223;-262;112;-333;-366;48;84;-49;-94
-346;-227;-256;107;-335;-366;48;86;-49;-99
-345;-232;-250;102;-336;-366;47;89;-49;-104
-344;-237;-243;96;-338;-366;46;91;-50;-109
-343;-242;-237;91;-340;-366;45;93;-50;-114
-342;-246;-230;85;-341;-366;44;95;-50;-119
-340;-251;-224;79;-343;-365;43;97;-50;-124
-339;-255;-217;74;-344;-365;42;99;-51;-129
-337;-259;-210;68;-345;-364;41;101;-51;-134
-336;-264;-204;62;-346;-364;40;103;-51;-139
-334;-268;-197;56;-347;-363;39;105;-52;-144
-332;-272;-190;49;-348;-362;38;107;-52;-148
-330;-276;-183;43;-349;-361;36;108;-52;-153
-328;-280;-176;37;-350;-360;35;110;-53;-158
-326;-283;-170;31;-351;-359;34;111;-53;-163
-323;-287;-163;24;-351;-358;32;112;-54;-168
-321;-290;-156;18;-352;-356;31;114;-54;-172
-318;-294;-149;11;-352;-355;29;115;-54;-177
-316;-297;-142;5;-352;-354;28;116;-55;-182
-313;-300;-135;-2;-353;-352;26;117;-55;-186
-310;-303;-128;-9;-353;-350;24;118;-56;-191
-307;-306;-121;-15;-353;-348;23;119;-56;-196
-304;-309;-114;-22;-353;-346;21;119;-57;-200
-301;-312;-106;-29;-352;-344;19;120;-58;-205
-298;-315;-99;-36;-352;-342;17;120;-58;-209
-294;-317;-92;-43;-352;-340;15;121;-59;-213
-291;-320;-85;-50;-351;-338;13;121;-59;-218
-287;-322;-78;-57;-350;-336;11;121;-60;-222
-284;-324;-71;-64;-350;-333;9;121;-61;-226
-280;-326;-64;-71;-349;-331;7;121;-61;-230
-276;-328;-57;-78;-348;-328;5;121;-62;-234
-272;-330;-50;-85;-347;-325;3;121;-63;-238
-268;-332;-43;-92;-346;-322;1;121;-64;-242
-264;-333;-36;-99;-345;-319;-1;120;-64;-246
-260;-335;-29;-107;-343;-316;-3;120;-65;-250
-256;-336;-22;-114;-342;-313;-6;119;-66;-254
-252;-337;-15;-121;-340;-310;-8;119;-67;-258
-247;-338;-8;-128;-339;-307;-10;118;-68;-261
-243;-339;-1;-135;-337;-304;-13;117;-68;-265
-239;-340;5;-143;-335;-300;-15;116;-69;-268
-234;-341;12;-150;-333;-297;-18;115;-70;-272
-229;-342;19;-157;-331;-293;-20;114;-71;-275
-225;-342;26;-164;-329;-290;-23;113;-72;-278
-220;-342;32;-171;-327;-286;-25;111;-73;-282
-215;-343;39;-178;-325;-282;-28;110;-74;-285
-211;-343;45;-186;-322;-278;-30;108;-75;-288
-206;-343;52;-193;-320;-274;-33;106;-76;-291
-201;-342;58;-200;-317;-270;-36;105;-77;-294
-196;-342;65;-207;-315;-266;-38;103;-78;-297
-191;-342;71;-214;-312;-262;-41;101;-79;-299
-186;-341;77;-221;-309;-258;-44;99;-80;-302
-181;-341;83;-228;-306;-254;-47;96;-81;-305
-176;-340;89;-235;-303;-249;-49;94;-83;-307
-171;-339;95;-242;-300;-245;-52;92;-84;-310
-165;-338;101;-248;-297;-240;-55;89;-85;-312
-160;-337;107;-255;-293;-236;-58;87;-86;-314
-155;-336;113;-262;-290;-231;-61;84;-87;-316
-150;-334;119;-269;-286;-227;-64;81;-88;-319
-145;-333;124;-275;-283;-222;-67;78;-90;-321
-139;-331;130;-282;-279;-217;-70;76;-91;-322
-134;-329;135;-289;-275;-213;-72;73;-92;-324
-129;-328;141;-295;-272;-208;-75;69;-93;-326
-124;-326;146;-301;-268;-203;-78;66;-95;-328
-118;-324;151;-308;-264;-198;-81;63;-96;-329
-113;-321;156;-314;-260;-193;-84;60;-97;-331
-108;-319;161;-320;-256;-188;-87;56;-98;-332
-102;-317;166;-326;-251;-183;-90;53;-100;-333
-97;-314;171;-332;-247;-178;-93;49;-101;-335
-92;-312;175;-338;-243;-173;-96;45;-102;-336
-87;-309;180;-344;-238;-168;-99;41;-104;-337
-81;-306;184;-350;-234;-163;-102;38;-105;-338
-76;-303;189;-356;-229;-157;-105;34;-106;-338
-71;-300;193;-361;-225;-152;-108;30;-108;-339
-66;-297;197;-367;-220;-147;-111;26;-109;-340
-61;-294;201;-372;-215;-142;-114;21;-111;-340
-55;-291;205;-377;-211;-136;-117;17;-112;-341
-50;-288;209;-383;-206;-131;-120;13;-114;-341
-45;-284;212;-388;-201;-126;-123;8;-115;-342
-40;-281;216;-393;-196;-121;-126;4;-116;-342
-35;-277;219;-398;-191;-115;-129;0;-118;-342
-30;-273;223;-402;-186;-110;-132;-5;-119;-342
-25;-269;226;-407;-181;-105;-135;-10;-121;-342
-20;-266;229;-412;-176;-99;-138;-14;-122;-342
-16;-262;232;-416;-170;-94;-141;-19;-124;-341
-11;-258;234;-420;-165;-88;-144;-24;-125;-341
-6;-254;237;-425;-160;-83;-147;-29;-127;-340
-1;-249;239;-429;-155;-78;-150;-34;-128;-340
3;-245;242;-433;-149;-72;-153;-39;-129;-339
8;-241;244;-436;-144;-67;-156;-44;-131;-339
12;-237;246;-440;-138;-62;-159;-49;-132;-338
17;-232;248;-444;-133;-56;-161;-54;-134;-337
21;-228;250;-447;-127;-51;-164;-59;-135;-336
26;-223;252;-451;-122;-46;-167;-64;-137;-335
30;-219;253;-454;-116;-40;-170;-69;-138;-334
34;-214;254;-457;-111;-35;-172;-74;-140;-332
38;-209;256;-460;-105;-30;-175;-80;-141;-331
42;-205;257;-462;-100;-25;-178;-85;-143;-329
46;-200;258;-465;-94;-19;-181;-90;-144;-328
50;-195;259;-467;-88;-14;-183;-95;-146;-326
54;-190;259;-470;-83;-9;-186;-101;-147;-325
58;-185;260;-472;-77;-4;-188;-106;-148;-323
62;-180;260;-474;-72;1;-191;-112;-150;-321
65;-175;261;-476;-66;6;-193;-117;-151;-319
69;-170;261;-478;-60;11;-196;-122;-153;-317
72;-165;261;-479;-55;16;-198;-128;-154;-315
75;-160;261;-481;-49;21;-201;-133;-156;-313
79;-155;260;-482;-43;26;-203;-139;-157;-311
82;-150;260;-483;-38;31;-205;-144;-158;-308
85;-145;259;-484;-32;36;-208;-150;-160;-306
88;-140;259;-485;-26;41;-210;-155;-161;-303
91;-135;258;-486;-21;45;-212;-160;-162;-301
93;-130;257;-486;-15;50;-214;-166;-164;-298
96;-125;256;-487;-9;54;-216;-171;-165;-295
99;-120;254;-487;-4;59;-218;-177;-166;-293
101;-115;253;-487;2;64;-220;-182;-168;-290
104;-109;251;-487;7;68;-222;-188;-169;-287
106;-104;250;-487;13;72;-224;-193;-170;-284
108;-99;248;-486;18;77;-226;-198;-171;-281
110;-94;246;-486;24;81;-228;-204;-173;-278
112;-89;244;-485;29;85;-230;-209;-174;-275
114;-84;242;-484;34;89;-232;-214;-175;-272
116;-79;239;-483;40;93;-233;-219;-176;-268
117;-74;237;-482;45;97;-235;-225;-177;-265
119;-69;234;-481;50;101;-237;-230;-178;-262
120;-64;231;-479;55;105;-238;-235;-180;-258
122;-59;228;-478;61;109;-240;-240;-181;-255
123;-54;225;-476;66;112;-241;-245;-182;-251
124;-49;222;-474;71;116;-242;-250;-183;-247
125;-45;219;-472;76;120;-244;-255;-184;-244
126;-40;216;-470;81;123;-245;-260;-185;-240
127;-35;212;-468;86;126;-246;-265;-186;-236
127;-30;208;-465;91;130;-247;-269;-187;-233
128;-26;205;-462;95;133;-249;-274;-188;-229
128;-21;201;-460;100;136;-250;-279;-188;-225
129;-16;197;-457;105;139;-251;-284;-189;-221
129;-12;193;-453;109;142;-252;-288;-190;-217
129;-8;188;-450;114;145;-252;-293;-191;-213
129;-3;184;-447;118;147;-253;-297;-192;-209
129;1;180;-443;123;150;-254;-301;-193;-205
129;5;175;-440;127;153;-255;-306;-193;-201
129;10;170;-436;131;155;-255;-310;-194;-197
128;14;166;-432;135;158;-256;-314;-195;-193
128;18;161;-428;140;160;-256;-318;-195;-188
127;22;156;-424;144;162;-257;-322;-196;-184
126;26;151;-419;148;164;-257;-326;-196;-180
125;30;146;-415;151;166;-258;-330;-197;-176
124;34;140;-410;155;168;-258;-333;-198;-172
123;37;135;-405;159;170;-258;-337;-198;-167
122;41;129;-400;162;171;-258;-341;-198;-163
121;44;124;-395;166;173;-258;-344;-199;-159
120;48;118;-390;169;175;-258;-347;-199;-154
118;51;113;-385;173;176;-258;-351;-200;-150
117;55;107;-380;176;177;-258;-354;-200;-146
115;58;101;-374;179;178;-258;-357;-200;-141
113;61;95;-368;182;179;-258;-360;-200;-137
111;64;89;-363;185;180;-257;-363;-201;-133
109;67;83;-357;188;181;-257;-365;-201;-128
107;70;77;-351;190;182;-257;-368;-201;-124
105;73;70;-345;193;183;-256;-371;-201;-120
103;75;64;-339;195;183;-256;-373;-201;-115
100;78;58;-333;198;184;-255;-375;-201;-111
98;80;51;-326;200;184;-254;-378;-201;-107
95;83;45;-320;202;184;-254;-380;-201;-102
93;85;38;-313;204;184;-253;-382;-201;-98
90;87;32;-307;206;184;-252;-384;-201;-94
87;89;25;-300;208;184;-251;-385;-201;-89
84;91;18;-293;210;184;-250;-387;-201;-85
81;93;12;-286;212;184;-249;-389;-200;-81
78;95;5;-279;213;183;-248;-390;-200;-77
75;96;-2;-272;215;183;-247;-391;-200;-72
72;98;-9;-265;216;182;-245;-393;-200;-68
69;99;-16;-258;217;182;-244;-394;-199;-64
66;101;-23;-250;218;181;-243;-395;-199;-60
62;102;-29;-243;219;180;-241;-395;-198;-56
59;103;-36;-236;220;179;-240;-396;-198;-52
55;104;-43;-228;221;178;-239;-397;-197;-48
51;105;-50;-221;221;176;-237;-397;-197;-43
48;106;-57;-213;222;175;-235;-397;-196;-39
44;107;-64;-205;222;174;-234;-398;-196;-36
40;107;-71;-198;222;172;-232;-398;-195;-32
36;108;-79;-190;222;170;-230;-398;-194;-28
32;108;-86;-182;222;169;-228;-397;-193;-24
28;108;-93;-174;222;167;-227;-397;-193;-20
24;108;-100;-166;222;165;-225;-397;-192;-16
20;108;-107;-159;222;163;-223;-396;-191;-13
16;108;-114;-151;221;161;-221;-395;-190;-9
12;108;-121;-143;221;158;-219;-395;-189;-5
8;108;-128;-135;220;156;-216;-394;-188;-2
3;107;-135;-127;219;154;-214;-393;-187;2
-1;107;-142;-119;218;151;-212;-391;-186;5
-5;106;-149;-111;217;148;-210;-390;-185;9
-10;106;-156;-103;216;146;-207;-389;-184;12
-14;105;-163;-95;214;143;-205;-387;-183;15
-19;104;-170;-86;213;140;-203;-385;-182;19
-23;103;-177;-78;211;137;-200;-384;-180;22
-28;102;-183;-70;210;134;-198;-382;-179;25
-32;101;-190;-62;208;131;-195;-380;-178;28
-37;99;-197;-54;206;127;-193;-377;-177;31
-42;98;-204;-46;204;124;-190;-375;-175;34
-46;96;-210;-38;202;121;-188;-373;-174;37
-51;95;-217;-30;200;117;-185;-370;-172;40
-56;93;-224;-22;197;114;-182;-367;-171;43
-60;91;-230;-14;195;110;-179;-365;-170;45
-65;89;-237;-6;192;106;-177;-362;-168;48
-70;87;-243;2;189;102;-174;-359;-167;51
-74;85;-249;9;187;99;-171;-356;-165;53
-79;83;-256;17;184;95;-168;-352;-163;56
-84;81;-262;25;181;91;-165;-349;-162;58
-88;78;-268;33;177;86;-163;-345;-160;60
-93;76;-274;41;174;82;-160;-342;-158;63
-98;73;-280;48;171;78;-157;-338;-157;65
-102;70;-286;56;167;74;-154;-334;-155;67
-107;68;-292;63;164;69;-151;-330;-153;69
-112;65;-298;71;160;65;-148;-326;-152;71
-116;62;-304;78;156;60;-145;-322;-150;73
-121;59;-309;86;152;56;-142;-318;-148;74
-126;56;-315;93;148;51;-139;-314;-146;76
-130;53;-320;100;144;47;-135;-309;-144;78
-135;50;-326;107;140;42;-132;-305;-142;79
-139;46;-331;114;136;37;-129;-300;-140;81
-144;43;-336;121;131;32;-126;-295;-138;82
-148;40;-341;128;127;28;-123;-291;-137;84
-153;36;-346;135;122;23;-120;-286;-135;85
-157;33;-351;142;118;18;-117;-281;-133;86
-162;29;-356;148;113;13;-114;-276;-131;87
-166;25;-360;155;108;8;-110;-271;-129;88
-170;22;-365;161;103;3;-107;-265;-127;89
-174;18;-370;168;98;-2;-104;-260;-124;90
-179;14;-374;174;93;-7;-101;-255;-122;91
-183;10;-378;180;88;-13;-98;-249;-120;91
-187;6;-382;186;83;-18;-95;-244;-118;92
-191;2;-386;192;78;-23;-92;-238;-116;92
-195;-2;-390;198;72;-28;-88;-232;-114;93
-199;-6;-394;204;67;-33;-85;-226;-112;93
-203;-10;-398;209;61;-39;-82;-221;-110;93
-207;-14;-401;215;56;-44;-79;-215;-108;94
-211;-18;-405;220;50;-49;-76;-209;-105;94
-214;-22;-408;225;44;-55;-73;-203;-103;94
-218;-27;-411;230;39;-60;-70;-197;-101;94
-222;-31;-414;235;33;-65;-67;-191;-99;94
-225;-35;-417;240;27;-71;-64;-185;-97;94
-229;-40;-420;245;21;-76;-60;-178;-95;93
-232;-44;-423;249;15;-81;-57;-172;-92;93
-235;-48;-425;254;9;-87;-54;-166;-90;92
-239;-53;-428;258;3;-92;-51;-159;-88;92
-242;-57;-430;262;-3;-98;-48;-153;-86;91
-245;-61;-432;266;-10;-103;-46;-147;-84;91
-248;-66;-434;270;-16;-108;-43;-140;-81;90
-251;-70;-436;274;-22;-114;-40;-134;-79;89
-254;-75;-438;277;-28;-119;-37;-127;-77;88
-257;-79;-439;281;-35;-124;-34;-121;-75;87
-260;-84;-441;284;-41;-130;-31;-114;-73;86
-262;-88;-442;287;-47;-135;-28;-108;-70;85
-265;-93;-443;290;-54;-140;-26;-101;-68;84
-267;-97;-445;293;-60;-145;-23;-94;-66;83
-270;-101;-445;296;-67;-151;-20;-88;-64;81
-272;-106;-446;298;-73;-156;-18;-81;-62;80
-274;-110;-447;300;-80;-161;-15;-75;-60;78
-276;-115;-447;303;-86;-166;-12;-68;-57;77
-279;-119;-448;305;-93;-171;-10;-61;-55;75
-280;-123;-448;307;-99;-176;-7;-55;-53;74
-282;-128;-448;308;-106;-182;-5;-48;-51;72
-284;-132;-448;310;-112;-187;-2;-42;-49;70
-286;-136;-448;311;-119;-192;0;-35;-47;68
-287;-141;-448;312;-125;-196;2;-29;-45;66
-289;-145;-447;313;-132;-201;5;-22;-43;64
-290;-149;-447;314;-138;-206;7;-15;-41;62
-292;-153;-446;315;-145;-211;9;-9;-39;60
-293;-157;-445;316;-151;-216;11;-3;-37;58
-294;-162;-444;316;-158;-221;13;4;-35;56
-295;-166;-443;316;-164;-225;15;10;-33;53
-296;-170;-442;316;-171;-230;17;17;-31;51
-297;-174;-441;316;-177;-234;19;23;-29;49
-298;-178;-439;316;-184;-239;21;29;-27;46
-298;-181;-437;316;-190;-243;23;36;-25;44
-299;-185;-436;315;-196;-248;25;42;-24;41
-300;-189;-434;314;-203;-252;27;48;-22;39
-300;-193;-432;314;-209;-256;28;54;-20;36
-300;-196;-430;313;-215;-260;30;60;-18;33
-300;-200;-427;311;-222;-265;32;66;-17;30
-300;-204;-425;310;-228;-269;33;72;-15;28
-300;-207;-422;308;-234;-273;35;78;-13;25
-300;-210;-420;307;-240;-277;36;84;-12;22
-300;-214;-417;305;-246;-280;38;90;-10;19
-300;-217;-414;303;-252;-284;39;95;-8;16
-300;-220;-411;301;-258;-288;40;101;-7;13
-299;-223;-408;298;-264;-291;41;106;-5;10
-298;-227;-404;296;-270;-295;42;112;-4;7
-298;-230;-401;293;-276;-298;43;117;-2;4
-297;-232;-397;290;-281;-302;44;123;-1;1
-296;-235;-394;287;-287;-305;45;128;0;-2
-295;-238;-390;284;-293;-308;46;133;2;-6
-294;-241;-386;281;-298;-311;47;138;3;-9
-293;-243;-382;277;-304;-315;48;143;4;-12
-292;-246;-378;274;-309;-317;49;148;6;-15
-291;-248;-374;270;-315;-320;49;153;7;-19
-289;-251;-370;266;-320;-323;50;157;8;-22
-288;-253;-365;262;-325;-326;50;162;9;-25
-286;-255;-361;258;-330;-328;51;166;10;-29
-284;-257;-356;254;-335;-331;51;171;11;-32
-283;-259;-352;249;-340;-333;51;175;12;-35
-281;-261;-347;245;-345;-336;52;179;13;-39
-279;-263;-342;240;-350;-338;52;183;14;-42
-277;-265;-337;235;-354;-340;52;187;15;-46
-275;-267;-332;230;-359;-342;52;191;16;-49
-273;-268;-327;225;-363;-344;52;195;17;-52
-271;-270;-321;220;-368;-346;52;198;17;-56
-268;-271;-316;214;-372;-348;52;202;18;-59
-266;-272;-311;209;-376;-349;52;205;19;-63
-263;-273;-305;203;-380;-351;51;208;19;-66
-261;-275;-300;198;-384;-352;51;212;20;-70
-258;-276;-294;192;-388;-354;51;215;21;-73
-256;-276;-288;186;-392;-355;50;217;21;-76
-253;-277;-283;180;-396;-356;50;220;22;-80
-250;-278;-277;174;-399;-357;49;223;22;-83
-247;-279;-271;167;-403;-358;48;225;22;-87
-244;-279;-265;161;-406;-359;48;228;23;-90
-241;-280;-259;154;-409;-360;47;230;23;-94
-238;-280;-253;148;-412;-360;46;232;23;-97
-235;-280;-247;141;-415;-361;45;234;23;-100
-232;-280;-240;134;-418;-362;44;236;23;-104
-228;-280;-234;127;-421;-362;43;238;24;-107
-225;-280;-228;121;-424;-362;42;239;24;-110
-222;-280;-222;113;-426;-362;41;241;24;-114
-218;-280;-215;106;-429;-362;40;242;24;-117
-215;-279;-209;99;-431;-362;39;243;23;-120
-211;-279;-202;92;-433;-362;37;244;23;-123
-208;-278;-196;85;-435;-362;36;245;23;-127
-204;-278;-189;77;-437;-361;35;246;23;-130
-201;-277;-183;70;-439;-361;33;247;23;-133
-197;-276;-176;62;-441;-360;32;247;22;-136
-193;-275;-170;54;-442;-360;30;247;22;-139
-189;-274;-163;47;-444;-359;28;248;22;-142
-185;-273;-156;39;-445;-358;27;248;21;-145
-182;-272;-150;31;-446;-357;25;248;21;-148
-178;-271;-143;23;-448;-356;23;247;20;-151
-174;-269;-136;15;-448;-355;21;247;20;-154
-170;-268;-129;8;-449;-354;19;247;19;-157
-166;-266;-123;0;-450;-352;17;246;18;-160
-162;-265;-116;-8;-450;-351;15;245;18;-163
-158;-263;-109;-16;-451;-349;13;244;17;-165
-154;-261;-103;-25;-451;-348;11;243;16;-168
-150;-259;-96;-33;-451;-346;9;242;15;-171
-146;-257;-89;-41;-451;-344;7;241;14;-173
-142;-255;-83;-49;-451;-342;5;239;13;-176
-137;-253;-76;-57;-451;-340;2;238;12;-178
-133;-251;-69;-65;-451;-338;0;236;11;-181
-129;-248;-63;-73;-450;-336;-2;234;10;-183
-125;-246;-56;-82;-450;-334;-5;232;9;-186
-121;-243;-49;-90;-449;-331;-7;230;8;-188
-117;-241;-43;-98;-448;-329;-10;228;7;-190
-112;-238;-36;-106;-447;-326;-12;225;6;-192
-108;-236;-30;-114;-446;-324;-15;223;4;-195
-104;-233;-23;-122;-445;-321;-17;220;3;-197
-100;-230;-17;-131;-443;-318;-20;217;2;-199
-96;-227;-10;-139;-442;-315;-23;214;0;-201
-92;-224;-4;-147;-440;-313;-25;211;-1;-203
-87;-221;2;-155;-438;-309;-28;208;-3;-204
-83;-218;9;-163;-436;-306;-31;205;-4;-206
-79;-215;15;-171;-434;-303;-34;201;-6;-208
-75;-212;21;-179;-432;-300;-36;198;-7;-210
-71;-208;27;-187;-430;-297;-39;194;-9;-211
-67;-205;33;-195;-428;-293;-42;190;-10;-213
-63;-202;39;-203;-425;-290;-45;186;-12;-214
-59;-198;45;-211;-423;-286;-48;182;-14;-216
-55;-195;51;-219;-420;-283;-51;178;-15;-217
-51;-191;57;-226;-417;-279;-54;174;-17;-219
-47;-188;63;-234;-414;-275;-57;169;-19;-220
-43;-184;69;-242;-411;-271;-60;165;-21;-221
-39;-180;74;-249;-408;-268;-62;160;-23;-222
-35;-177;80;-257;-404;-264;-65;156;-25;-223
-31;-173;85;-264;-401;-260;-69;151;-27;-224
-27;-169;91;-271;-397;-256;-72;146;-28;-225
-24;-165;96;-279;-394;-252;-75;141;-30;-226
-20;-161;101;-286;-390;-247;-78;136;-32;-227
-16;-157;107;-293;-386;-243;-81;131;-34;-228
-12;-154;112;-300;-382;-239;-84;125;-36;-228
-9;-150;117;-307;-378;-235;-87;120;-38;-229
-5;-146;122;-314;-374;-230;-90;114;-41;-229
-2;-142;126;-321;-369;-226;-93;109;-43;-230
2;-138;131;-328;-365;-221;-96;103;-45;-230
5;-134;136;-334;-360;-217;-99;97;-47;-231
9;-130;140;-341;-356;-213;-102;92;-49;-231
12;-126;145;-347;-351;-208;-105;86;-51;-231
15;-121;149;-354;-346;-203;-108;80;-53;-231
18;-117;153;-360;-342;-199;-111;74;-56;-231
22;-113;158;-366;-337;-194;-114;68;-58;-231
25;-109;162;-372;-332;-189;-117;61;-60;-231
28;-105;166;-378;-326;-185;-120;55;-62;-231
31;-101;169;-383;-321;-180;-123;49;-65;-231
34;-97;173;-389;-316;-175;-126;43;-67;-231
36;-93;177;-395;-310;-170;-129;36;-69;-230
39;-89;180;-400;-305;-166;-132;30;-72;-230
42;-85;184;-405;-299;-161;-135;23;-74;-229
45;-81;187;-411;-294;-156;-138;17;-76;-229
47;-77;190;-416;-288;-151;-141;10;-79;-228
50;-73;193;-421;-282;-146;-144;3;-81;-228
52;-69;196;-425;-277;-141;-147;-3;-83;-227
55;-65;199;-430;-271;-136;-150;-10;-86;-226
57;-61;202;-434;-265;-132;-153;-17;-88;-225
59;-57;204;-439;-259;-127;-156;-24;-90;-225
61;-53;207;-443;-253;-122;-159;-31;-93;-224
63;-49;209;-447;-247;-117;-161;-38;-95;-223
65;-45;211;-451;-240;-112;-164;-44;-97;-222
67;-41;213;-455;-234;-107;-167;-51;-100;-220
69;-37;215;-459;-228;-102;-169;-58;-102;-219
71;-33;217;-462;-222;-97;-172;-65;-105;-218
73;-30;219;-466;-215;-92;-175;-72;-107;-217
74;-26;220;-469;-209;-87;-177;-79;-109;-215
76;-22;222;-472;-202;-83;-180;-86;-112;-214
77;-19;223;-475;-196;-78;-182;-93;-114;-212
79;-15;224;-478;-189;-73;-185;-100;-116;-211
80;-11;226;-480;-183;-68;-187;-107;-119;-209
81;-8;227;-483;-176;-63;-190;-114;-121;-208
82;-4;227;-485;-170;-58;-192;-121;-123;-206
84;-1;228;-487;-163;-54;-194;-128;-126;-204
84;2;229;-489;-156;-49;-197;-135;-128;-203
85;6;229;-491;-150;-44;-199;-142;-130;-201
86;9;230;-493;-143;-40;-201;-149;-132;-199
87;12;230;-494;-136;-35;-203;-156;-135;-197
88;15;230;-496;-130;-30;-205;-163;-137;-195
88;18;230;-497;-123;-26;-208;-170;-139;-193
89;21;230;-498;-116;-21;-210;-177;-141;-191
89;24;229;-499;-109;-17;-211;-183;-144;-189
89;27;229;-500;-103;-12;-213;-190;-146;-187
90;30;228;-500;-96;-8;-215;-197;-148;-185
90;33;228;-501;-89;-3;-217;-204;-150;-183
90;35;227;-501;-82;1;-219;-210;-152;-181
90;38;226;-501;-76;5;-221;-217;-154;-178
90;40;225;-501;-69;10;-222;-223;-156;-176
89;43;224;-501;-62;14;-224;-230;-158;-174
89;45;223;-501;-56;18;-225;-236;-160;-171
89;48;221;-500;-49;22;-227;-243;-162;-169
88;50;220;-500;-42;26;-228;-249;-164;-167
88;52;218;-499;-36;30;-230;-255;-166;-164
87;54;216;-498;-29;34;-231;-262;-168;-162
87;56;214;-497;-22;38;-232;-268;-170;-159
86;58;212;-495;-16;42;-234;-274;-172;-157
85;60;210;-494;-9;46;-235;-280;-174;-154
84;62;208;-492;-3;49;-236;-286;-176;-152
83;63;206;-491;4;53;-237;-292;-177;-149
82;65;203;-489;10;57;-238;-297;-179;-147
81;66;201;-487;16;60;-239;-303;-181;-144
80;68;198;-484;23;64;-240;-309;-182;-141
78;69;195;-482;29;67;-241;-314;-184;-139
77;70;192;-480;35;70;-241;-320;-186;-136
75;71;189;-477;41;74;-242;-325;-187;-133
74;72;186;-474;47;77;-243;-330;-189;-131
72;73;183;-471;53;80;-243;-335;-190;-128
70;74;180;-468;59;83;-244;-340;-192;-125
69;75;176;-465;65;86;-244;-345;-193;-123
67;76;173;-462;71;89;-244;-350;-195;-120
65;76;169;-458;77;92;-245;-355;-196;-117
63;77;165;-454;83;94;-245;-360;-197;-115
61;77;161;-451;88;97;-245;-364;-199;-112
59;78;158;-447;94;100;-245;-369;-200;-109
56;78;153;-443;100;102;-245;-373;-201;-107
54;78;149;-439;105;104;-245;-377;-202;-104
52;78;145;-434;110;107;-245;-381;-203;-101
49;78;141;-430;116;109;-245;-385;-205;-99
47;78;137;-425;121;111;-245;-389;-206;-96
45;78;132;-421;126;113;-245;-393;-207;-93
42;78;128;-416;131;115;-244;-396;-208;-91
39;77;123;-411;136;117;-244;-400;-209;-88
37;77;118;-406;141;119;-244;-403;-209;-85
34;76;113;-401;146;121;-243;-407;-210;-83
31;75;109;-396;150;122;-243;-410;-211;-80
28;75;104;-390;155;124;-242;-413;-212;-78
25;74;99;-385;159;125;-241;-416;-213;-75
22;73;94;-379;164;127;-241;-418;-213;-73
19;72;89;-374;168;128;-240;-421;-214;-70
16;71;83;-368;172;129;-239;-424;-214;-68
13;70;78;-362;176;130;-238;-426;-215;-65
10;68;73;-356;180;131;-237;-428;-215;-63
7;67;67;-350;184;132;-236;-430;-216;-60
3;66;62;-344;188;133;-235;-432;-216;-58
0;64;57;-337;191;134;-234;-434;-217;-56
-3;62;51;-331;195;135;-232;-436;-217;-53
-7;61;45;-325;198;135;-231;-437;-217;-51
-10;59;40;-318;202;136;-230;-439;-217;-49
-14;57;34;-312;205;136;-228;-440;-218;-47
-17;55;28;-305;208;136;-227;-441;-218;-44
-21;53;23;-298;211;136;-226;-442;-218;-42
-24;51;17;-292;214;137;-224;-443;-218;-40
-28;49;11;-285;217;137;-222;-444;-218;-38
-32;47;5;-278;219;136;-221;-444;-218;-36
-35;44;-1;-271;222;136;-219;-445;-218;-34
-39;42;-7;-264;224;136;-217;-445;-218;-32
-43;39;-13;-257;226;136;-215;-445;-217;-30
-46;37;-19;-250;229;135;-214;-445;-217;-28
-50;34;-25;-242;231;135;-212;-445;-217;-26
-54;32;-31;-235;233;134;-210;-445;-217;-24
-58;29;-37;-228;234;133;-208;-444;-216;-23
-62;26;-43;-221;236;133;-206;-444;-216;-21
-66;23;-49;-213;237;132;-204;-443;-215;-19
-69;20;-55;-206;239;131;-201;-442;-215;-18
-73;17;-61;-198;240;130;-199;-442;-214;-16
-77;14;-67;-191;241;128;-197;-440;-214;-15
-81;11;-73;-184;242;127;-195;-439;-213;-13
-85;8;-79;-176;243;126;-192;-438;-213;-12
-89;5;-85;-169;244;124;-190;-436;-212;-10
-93;1;-91;-161;245;123;-188;-435;-211;-9
-97;-2;-97;-153;245;121;-185;-433;-210;-8
-100;-5;-103;-146;246;120;-183;-431;-210;-7
-104;-9;-109;-138;246;118;-180;-429;-209;-5
-108;-12;-116;-131;246;116;-178;-427;-208;-4
-112;-16;-122;-123;246;114;-175;-425;-207;-3
-116;-19;-128;-116;246;112;-172;-422;-206;-2
-120;-23;-134;-108;246;110;-170;-420;-205;-1
-124;-27;-140;-101;245;108;-167;-417;-204;0
-128;-30;-145;-93;245;106;-164;-414;-203;0
-132;-34;-151;-85;244;103;-162;-411;-202;1
-135;-38;-157;-78;243;101;-159;-408;-200;2
-139;-42;-163;-70;242;99;-156;-405;-199;3
-143;-46;-169;-63;241;96;-153;-402;-198;3
-147;-49;-175;-56;240;93;-151;-399;-197;4
-151;-53;-181;-48;239;91;-148;-395;-195;4
-154;-57;-186;-41;238;88;-145;-391;-194;5
-158;-61;-192;-33;236;85;-142;-388;-193;5
-162;-65;-198;-26;234;82;-139;-384;-191;5
-166;-69;-203;-19;233;79;-136;-380;-190;6
-169;-73;-209;-12;231;76;-133;-376;-188;6
-173;-77;-214;-4;229;73;-130;-372;-187;6
-176;-81;-220;3;227;70;-127;-367;-185;6
-180;-85;-225;10;224;67;-124;-363;-184;6
-183;-89;-230;17;222;63;-121;-358;-182;6
-187;-93;-236;24;220;60;-118;-354;-180;6
-190;-97;-241;31;217;57;-115;-349;-179;6
-194;-101;-246;38;214;53;-112;-344;-177;6
-197;-105;-251;44;212;50;-109;-339;-175;5
-201;-109;-256;51;209;46;-106;-334;-173;5
-204;-114;-261;58;206;43;-103;-329;-172;5
-207;-118;-266;64;202;39;-100;-324;-170;4
-210;-122;-271;71;199;35;-97;-319;-168;4
-214;-126;-275;77;196;31;-94;-314;-166;3
-217;-130;-280;84;192;28;-91;-308;-164;2
-220;-134;-285;90;189;24;-87;-303;-162;2
-223;-138;-289;96;185;20;-84;-297;-160;1
-226;-142;-294;102;181;16;-81;-292;-158;0
-229;-146;-298;108;177;12;-78;-286;-156;-1
-232;-150;-302;114;173;8;-75;-280;-154;-1
-234;-154;-306;120;169;4;-72;-274;-152;-2
-237;-158;-310;126;165;0;-69;-268;-150;-3
-240;-161;-315;132;161;-4;-66;-262;-148;-4
-243;-165;-318;137;157;-9;-63;-256;-146;-5
-245;-169;-322;143;152;-13;-60;-250;-144;-7
-248;-173;-326;148;148;-17;-57;-244;-142;-8
-250;-177;-330;153;143;-21;-54;-238;-140;-9
-253;-180;-333;158;138;-25;-51;-232;-138;-10
-255;-184;-337;163;134;-30;-48;-225;-136;-12
-257;-188;-340;168;129;-34;-45;-219;-134;-13
-260;-191;-343;173;124;-38;-43;-213;-132;-15
-262;-195;-347;178;119;-43;-40;-206;-129;-16
-264;-198;-350;182;114;-47;-37;-200;-127;-18
-266;-202;-353;187;108;-52;-34;-193;-125;-19
-268;-205;-356;191;103;-56;-31;-187;-123;-21
-270;-209;-358;195;98;-60;-28;-180;-121;-23
-272;-212;-361;200;93;-65;-26;-174;-118;-24
-273;-215;-364;204;87;-69;-23;-167;-116;-26
-275;-219;-366;207;82;-74;-20;-161;-114;-28
-277;-222;-368;211;76;-78;-18;-154;-112;-30
-278;-225;-371;215;70;-83;-15;-147;-110;-32
-280;-228;-373;218;65;-87;-12;-141;-107;-33
-281;-231;-375;222;59;-92;-10;-134;-105;-35
-283;-234;-377;225;53;-96;-7;-127;-103;-37
-284;-237;-379;228;47;-101;-5;-121;-101;-39
-285;-240;-381;231;41;-105;-2;-114;-99;-42
-286;-243;-382;234;36;-110;0;-107;-96;-44
-287;-245;-384;237;30;-114;2;-101;-94;-46
-288;-248;-385;239;24;-118;5;-94;-92;-48
-289;-251;-386;242;18;-123;7;-87;-90;-50
-290;-253;-388;244;11;-127;9;-81;-87;-52
-291;-255;-389;246;5;-132;12;-74;-85;-55
-291;-258;-390;248;-1;-136;14;-68;-83;-57
-292;-260;-391;250;-7;-140;16;-61;-81;-59
-293;-262;-391;252;-13;-145;18;-55;-79;-61
-293;-265;-392;253;-19;-149;20;-48;-77;-64
-293;-267;-393;255;-26;-153;22;-42;-74;-66
-294;-269;-393;256;-32;-158;24;-35;-72;-69
-294;-270;-393;257;-38;-162;26;-29;-70;-71
-294;-272;-393;259;-45;-166;28;-22;-68;-73
-294;-274;-394;259;-51;-170;30;-16;-66;-76
-294;-276;-394;260;-57;-175;31;-10;-64;-78
-294;-277;-393;261;-64;-179;33;-3;-62;-81
-294;-279;-393;261;-70;-183;35;3;-60;-83
-294;-280;-393;262;-76;-187;36;9;-58;-86
-294;-282;-392;262;-83;-191;38;15;-56;-88
-293;-283;-392;262;-89;-195;39;21;-54;-91
-293;-284;-391;262;-95;-199;41;27;-52;-93
-292;-285;-390;262;-102;-203;42;33;-50;-96
-292;-286;-390;262;-108;-207;43;39;-48;-98
-291;-287;-389;261;-114;-211;45;45;-46;-101
-290;-288;-387;261;-120;-214;46;51;-44;-103
-289;-289;-386;260;-127;-218;47;56;-42;-106
-288;-290;-385;259;-133;-222;48;62;-40;-108
-287;-290;-384;258;-139;-225;49;67;-38;-111
-286;-291;-382;257;-145;-229;50;73;-37;-114
-285;-291;-380;256;-152;-233;51;78;-35;-116
-284;-291;-379;255;-158;-236;52;84;-33;-119
-283;-292;-377;253;-164;-239;53;89;-31;-121
-281;-292;-375;251;-170;-243;54;94;-30;-124
-280;-292;-373;250;-176;-246;54;99;-28;-126
-279;-292;-371;248;-182;-249;55;104;-26;-129
-277;-292;-369;246;-188;-253;55;109;-25;-131
-275;-292;-366;244;-194;-256;56;114;-23;-134
-274;-291;-364;241;-200;-259;56;118;-21;-136
-272;-291;-362;239;-206;-262;57;123;-20;-139
-270;-291;-359;236;-212;-265;57;127;-18;-141
-268;-290;-356;234;-217;-268;57;132;-17;-143
-266;-290;-354;231;-223;-270;58;136;-15;-146
-264;-289;-351;228;-229;-273;58;140;-14;-148
-262;-288;-348;225;-234;-276;58;144;-13;-150
-260;-287;-345;222;-240;-278;58;148;-11;-153
-258;-286;-342;219;-245;-281;58;152;-10;-155
-256;-285;-338;216;-251;-283;58;156;-9;-157
-253;-284;-335;212;-256;-286;57;160;-7;-160
-251;-283;-332;209;-261;-288;57;163;-6;-162
-248;-282;-328;205;-267;-290;57;167;-5;-164
-246;-280;-325;201;-272;-293;57;170;-4;-166
-243;-279;-321;197;-277;-295;56;173;-3;-168
-241;-277;-318;193;-282;-297;56;176;-2;-170
-238;-276;-314;189;-287;-299;55;179;-1;-173
-235;-274;-310;185;-292;-301;55;182;0;-175
-233;-272;-306;181;-296;-302;54;185;1;-177
-230;-270;-302;176;-301;-304;53;187;2;-179
-227;-269;-298;172;-306;-306;52;190;3;-180
-224;-267;-294;167;-310;-307;52;192;4;-182
-221;-265;-290;163;-315;-309;51;195;5;-184
-218;-262;-286;158;-319;-310;50;197;6;-186
-215;-260;-281;153;-323;-311;49;199;6;-188
-212;-258;-277;148;-327;-313;48;201;7;-190
-208;-256;-273;143;-332;-314;47;202;8;-191
-205;-253;-268;138;-336;-315;45;204;8;-193
-202;-251;-264;133;-339;-316;44;206;9;-195
-199;-248;-259;128;-343;-317;43;207;9;-196
-195;-246;-255;122;-347;-317;41;208;10;-198
-192;-243;-250;117;-351;-318;40;209;10;-199
-189;-240;-245;112;-354;-319;39;210;11;-200
-185;-237;-241;106;-357;-319;37;211;11;-202
-182;-234;-236;101;-361;-320;35;212;11;-203
-178;-232;-231;95;-364;-320;34;213;12;-204
-175;-229;-226;89;-367;-321;32;213;12;-206
-171;-226;-221;84;-370;-321;30;213;12;-207
-167;-222;-216;78;-373;-321;29;214;12;-208
-164;-219;-211;72;-376;-321;27;214;12;-209
-160;-216;-206;66;-378;-321;25;214;12;-210
-156;-213;-201;60;-381;-321;23;214;13;-211
-153;-210;-196;54;-383;-321;21;213;13;-212
-149;-206;-191;48;-386;-320;19;213;12;-213
-145;-203;-186;42;-388;-320;17;212;12;-214
-141;-199;-181;36;-390;-319;15;212;12;-214
-138;-196;-176;30;-392;-319;13;211;12;-215
-134;-192;-171;23;-394;-318;10;210;12;-216
-130;-189;-166;17;-396;-318;8;209;12;-216
-126;-185;-160;11;-398;-317;6;208;11;-217
-122;-182;-155;5;-399;-316;4;206;11;-217
-118;-178;-150;-2;-401;-315;1;205;11;-218
-115;-174;-145;-8;-402;-314;-1;203;10;-218
-111;-171;-139;-14;-403;-313;-4;202;10;-218
-107;-167;-134;-21;-404;-312;-6;200;9;-219
-103;-163;-129;-27;-405;-310;-9;198;9;-219
-99;-159;-124;-33;-406;-309;-11;196;8;-219
-95;-155;-119;-40;-407;-307;-14;194;8;-219
-91;-152;-113;-46;-407;-306;-17;192;7;-219
-87;-148;-108;-53;-408;-304;-19;189;6;-219
-83;-144;-103;-59;-408;-303;-22;187;6;-219
-80;-140;-98;-65;-409;-301;-25;184;5;-219
-76;-136;-92;-72;-409;-299;-27;182;4;-218
-72;-132;-87;-78;-409;-297;-30;179;3;-218
-68;-128;-82;-85;-409;-295;-33;176;2;-218
-64;-124;-77;-91;-409;-293;-36;173;1;-217
-60;-120;-72;-97;-408;-291;-39;170;0;-217
-56;-116;-67;-104;-408;-289;-42;167;-1;-216
-52;-112;-62;-110;-407;-286;-45;163;-2;-216
-49;-108;-57;-117;-407;-284;-47;160;-3;-215
-45;-104;-52;-123;-406;-282;-50;156;-4;-214
-41;-100;-47;-129;-405;-279;-53;153;-5;-214
-37;-96;-42;-135;-404;-276;-56;149;-6;-213
-33;-92;-37;-142;-403;-274;-59;145;-7;-212
-30;-88;-32;-148;-402;-271;-62;141;-9;-211
-26;-84;-27;-154;-401;-268;-66;137;-10;-210
-22;-80;-22;-160;-399;-265;-69;133;-11;-209
-19;-76;-17;-166;-398;-263;-72;129;-13;-208
-15;-72;-12;-172;-396;-260;-75;124;-14;-207
-11;-68;-8;-178;-394;-257;-78;120;-15;-206
-8;-64;-3;-184;-392;-254;-81;116;-17;-204
-4;-60;2;-190;-390;-250;-84;111;-18;-203
-1;-56;6;-196;-388;-247;-87;106;-20;-202
3;-52;11;-202;-386;-244;-90;102;-21;-200
6;-48;15;-208;-384;-241;-93;97;-23;-199
10;-45;20;-214;-381;-237;-97;92;-25;-197
13;-41;24;-219;-379;-234;-100;87;-26;-196
17;-37;29;-225;-376;-230;-103;82;-28;-194
20;-33;33;-230;-374;-227;-106;77;-30;-193
23;-29;37;-236;-371;-223;-109;72;-31;-191
26;-26;41;-241;-368;-220;-112;67;-33;-189
30;-22;45;-247;-365;-216;-116;62;-35;-187
33;-18;49;-252;-362;-212;-119;57;-36;-186
36;-15;53;-257;-359;-209;-122;51;-38;-184
39;-11;57;-262;-356;-205;-125;46;-40;-182
42;-8;61;-268;-352;-201;-128;40;-42;-180
45;-4;65;-273;-349;-197;-131;35;-44;-178
48;-1;69;-278;-345;-193;-134;29;-46;-176
51;3;72;-282;-342;-189;-137;24;-48;-174
54;6;76;-287;-338;-185;-140;18;-50;-172
56;10;79;-292;-334;-181;-143;13;-52;-169
59;13;83;-297;-330;-177;-146;7;-54;-167
62;16;86;-301;-326;-173;-150;1;-56;-165
64;19;89;-306;-322;-169;-153;-5;-58;-163
67;22;93;-310;-318;-165;-156;-10;-60;-160
69;26;96;-314;-314;-161;-158;-16;-62;-158
72;29;99;-319;-310;-156;-161;-22;-64;-156
74;32;102;-323;-305;-152;-164;-28;-66;-153
77;35;105;-327;-301;-148;-167;-34;-68;-151
79;37;108;-331;-297;-144;-170;-40;-70;-149
81;40;110;-335;-292;-140;-173;-45;-72;-146
83;43;113;-338;-287;-135;-176;-51;-74;-144
85;46;116;-342;-283;-131;-179;-57;-76;-141
87;48;118;-346;-278;-127;-181;-63;-79;-138
89;51;121;-349;-273;-122;-184;-69;-81;-136
91;54;123;-353;-268;-118;-187;-75;-83;-133
93;56;125;-356;-264;-114;-190;-81;-85;-131
95;58;127;-359;-259;-109;-192;-87;-87;-128
97;61;129;-362;-254;-105;-195;-93;-90;-125
98;63;131;-365;-249;-101;-197;-99;-92;-123
100;65;133;-368;-243;-96;-200;-105;-94;-120
101;67;135;-371;-238;-92;-203;-110;-96;-117
103;70;137;-374;-233;-88;-205;-116;-98;-115
104;72;138;-376;-228;-83;-207;-122;-101;-112
105;74;140;-379;-223;-79;-210;-128;-103;-109
107;75;141;-381;-217;-74;-212;-134;-105;-107
108;77;143;-383;-212;-70;-215;-140;-107;-104
109;79;144;-385;-207;-66;-217;-145;-110;-101
110;81;145;-387;-201;-62;-219;-151;-112;-98
111;82;146;-389;-196;-57;-221;-157;-114;-96
112;84;147;-391;-190;-53;-223;-162;-116;-93
113;85;148;-393;-185;-49;-226;-168;-119;-90
113;87;149;-395;-179;-44;-228;-174;-121;-87
114;88;150;-396;-174;-40;-230;-179;-123;-85
115;89;151;-398;-168;-36;-232;-185;-125;-82
115;90;151;-399;-163;-32;-234;-190;-127;-79
116;92;152;-400;-157;-28;-235;-195;-130;-76
116;93;152;-401;-151;-23;-237;-201;-132;-74
116;93;152;-402;-146;-19;-239;-206;-134;-71
116;94;152;-403;-140;-15;-241;-211;-136;-68
117;95;153;-404;-135;-11;-242;-216;-138;-66
117;96;153;-404;-129;-7;-244;-221;-141;-63
117;97;152;-405;-123;-3;-246;-227;-143;-60
117;97;152;-405;-118;1;-247;-232;-145;-58
116;98;152;-406;-112;5;-249;-236;-147;-55
116;98;152;-406;-106;9;-250;-241;-149;-52
116;98;151;-406;-101;12;-251;-246;-151;-50
116;99;151;-406;-95;16;-253;-251;-153;-47
115;99;150;-406;-90;20;-254;-255;-155;-45
115;99;149;-406;-84;24;-255;-260;-157;-42
114;99;149;-406;-78;27;-256;-265;-159;-39
113;99;148;-405;-73;31;-257;-269;-161;-37
113;99;147;-405;-67;35;-258;-273;-163;-35
112;99;146;-404;-62;38;-259;-278;-165;-32
111;99;145;-403;-56;42;-260;-282;-167;-30
110;98;143;-403;-51;45;-261;-286;-169;-27
109;98;142;-402;-45;48;-262;-290;-171;-25
108;97;141;-401;-40;52;-263;-294;-173;-23
107;97;139;-399;-35;55;-263;-298;-175;-20
106;96;138;-398;-29;58;-264;-301;-177;-18
104;96;136;-397;-24;61;-265;-305;-179;-16
103;95;135;-395;-19;65;-265;-309;-181;-14
102;94;133;-394;-13;68;-266;-312;-182;-12
100;93;131;-392;-8;71;-266;-315;-184;-9
99;92;129;-391;-3;73;-266;-319;-186;-7
97;91;127;-389;2;76;-267;-322;-187;-5
95;90;125;-387;7;79;-267;-325;-189;-3
93;89;123;-385;12;82;-267;-328;-191;-1
92;88;121;-383;17;85;-267;-331;-192;1
90;87;118;-381;22;87;-267;-333;-194;2
88;85;116;-378;27;90;-267;-336;-195;4
86;84;113;-376;32;92;-267;-339;-197;6
84;82;111;-373;37;95;-267;-341;-198;8
81;81;108;-371;42;97;-267;-344;-200;9
79;79;106;-368;46;99;-266;-346;-201;11
77;77;103;-365;51;101;-266;-348;-203;13
75;76;100;-363;55;103;-266;-350;-204;14
72;74;97;-360;60;105;-265;-352;-205;16
70;72;94;-357;64;107;-265;-354;-207;17
67;70;91;-354;69;109;-264;-355;-208;18
65;68;88;-351;73;111;-264;-357;-209;20
62;66;85;-347;77;113;-263;-358;-210;21
59;64;82;-344;81;114;-262;-360;-211;22
57;62;79;-341;85;116;-261;-361;-212;23
54;60;76;-337;89;117;-260;-362;-213;25
51;58;73;-334;93;119;-260;-363;-214;26
48;55;69;-330;97;120;-259;-364;-215;27
45;53;66;-327;101;121;-258;-365;-216;28
42;51;62;-323;104;123;-256;-366;-217;28
39;48;59;-319;108;124;-255;-366;-218;29
36;46;55;-315;112;125;-254;-367;-219;30
33;43;52;-311;115;126;-253;-367;-220;31
30;41;48;-307;118;126;-252;-367;-220;31
26;38;44;-303;122;127;-250;-367;-221;32
23;36;41;-299;125;128;-249;-367;-222;33
20;33;37;-295;128;128;-247;-367;-222;33
16;30;33;-291;131;129;-246;-367;-223;33
13;27;29;-287;134;129;-244;-367;-223;34
10;25;25;-282;137;130;-243;-366;-224;34
6;22;22;-278;139;130;-241;-366;-224;34
3;19;18;-274;142;130;-239;-365;-225;35
-1;16;14;-269;145;130;-238;-364;-225;35
-5;13;10;-265;147;130;-236;-363;-225;35
-8;10;6;-260;150;130;-234;-363;-225;35
-12;7;2;-255;152;130;-232;-361;-226;35
-16;4;-2;-251;154;130;-230;-360;-226;35
-19;1;-6;-246;156;129;-228;-359;-226;34
-23;-2;-11;-241;158;129;-226;-357;-226;34
-27;-5;-15;-237;160;128;-224;-356;-226;34
-31;-8;-19;-232;162;128;-222;-354;-226;34
-34;-11;-23;-227;163;127;-220;-353;-226;33
-38;-15;-27;-222;165;126;-217;-351;-226;33
-42;-18;-31;-217;167;125;-215;-349;-225;32
-46;-21;-36;-212;168;125;-213;-347;-225;32
-50;-24;-40;-207;169;124;-210;-345;-225;31
-54;-27;-44;-202;170;122;-208;-342;-225;30
-58;-31;-48;-197;172;121;-206;-340;-224;29
-62;-34;-52;-192;173;120;-203;-338;-224;29
-66;-37;-57;-187;174;119;-201;-335;-223;28
-70;-41;-61;-182;174;117;-198;-333;-223;27
-74;-44;-65;-177;175;116;-196;-330;-222;26
-78;-47;-69;-172;176;114;-193;-327;-222;25
-82;-50;-74;-167;176;112;-190;-324;-221;24
-86;-54;-78;-162;177;111;-188;-321;-220;22
-90;-57;-82;-157;177;109;-185;-318;-220;21
-94;-60;-86;-152;177;107;-182;-315;-219;20
-98;-64;-90;-146;177;105;-180;-312;-218;19
-102;-67;-95;-141;177;103;-177;-308;-217;17
-106;-70;-99;-136;177;101;-174;-305;-216;16
-110;-74;-103;-131;177;99;-171;-302;-215;14
-114;-77;-107;-126;177;96;-168;-298;-214;13
-118;-80;-111;-121;176;94;-166;-294;-213;11
-122;-84;-115;-116;176;92;-163;-291;-212;10
-126;-87;-120;-110;175;89;-160;-287;-211;8
-130;-90;-124;-105;174;87;-157;-283;-210;6
-134;-94;-128;-100;174;84;-154;-279;-208;4
-138;-97;-132;-95;173;81;-151;-275;-207;2
-142;-100;-136;-90;172;79;-148;-271;-206;1
-146;-103;-140;-85;171;76;-145;-267;-204;-1
-150;-107;-144;-80;169;73;-142;-263;-203;-3
-154;-110;-148;-75;168;70;-139;-259;-202;-5
-158;-113;-152;-70;167;67;-136;-254;-200;-7
-162;-116;-156;-64;165;64;-133;-250;-198;-9
-166;-120;-159;-59;164;61;-130;-246;-197;-12
-170;-123;-163;-54;162;57;-127;-241;-195;-14
-174;-126;-167;-49;160;54;-123;-237;-194;-16
-178;-129;-171;-45;159;51;-120;-232;-192;-18
-182;-132;-174;-40;157;47;-117;-227;-190;-20
-186;-135;-178;-35;155;44;-114;-223;-188;-23
-189;-138;-182;-30;153;40;-111;-218;-186;-25
-193;-141;-185;-25;150;37;-108;-213;-185;-28
-197;-144;-189;-20;148;33;-105;-209;-183;-30
-201;-147;-192;-15;146;30;-102;-204;-181;-32
-204;-150;-196;-11;143;26;-99;-199;-179;-35
-208;-153;-199;-6;141;22;-95;-194;-177;-37
-211;-156;-203;-1;138;18;-92;-189;-175;-40
-215;-159;-206;3;135;15;-89;-184;-173;-42
-219;-162;-209;8;133;11;-86;-179;-170;-45
-222;-164;-212;13;130;7;-83;-174;-168;-48
-225;-167;-216;17;127;3;-80;-169;-166;-50
-229;-170;-219;22;124;-1;-77;-164;-164;-53
-232;-173;-222;26;121;-5;-74;-159;-161;-56
-236;-175;-225;30;118;-9;-71;-154;-159;-58
-239;-178;-228;35;115;-13;-67;-149;-157;-61
-242;-180;-231;39;111;-17;-64;-144;-155;-64
-245;-183;-233;43;108;-22;-61;-139;-152;-67
-249;-186;-236;47;104;-26;-58;-134;-150;-69
-252;-188;-239;51;101;-30;-55;-129;-147;-72
-255;-190;-242;56;97;-34;-52;-123;-145;-75
-258;-193;-244;60;94;-39;-49;-118;-142;-78
-261;-195;-247;64;90;-43;-46;-113;-140;-80
-264;-198;-249;67;86;-47;-43;-108;-137;-83
-267;-200;-252;71;82;-52;-41;-103;-135;-86
-269;-202;-254;75;79;-56;-38;-98;-132;-89
-272;-204;-256;79;75;-60;-35;-93;-129;-92
-275;-206;-259;83;71;-65;-32;-88;-127;-95
-278;-208;-261;86;67;-69;-29;-83;-124;-97
-280;-211;-263;90;63;-74;-26;-78;-121;-100
-283;-213;-265;93;58;-78;-23;-73;-119;-103
-285;-214;-267;97;54;-82;-21;-68;-116;-106
-288;-216;-269;100;50;-87;-18;-63;-113;-109
-290;-218;-271;103;46;-91;-15;-58;-111;-112
-292;-220;-273;107;41;-96;-13;-53;-108;-114
-294;-222;-274;110;37;-100;-10;-48;-105;-117
-297;-224;-276;113;32;-105;-7;-43;-102;-120
-299;-225;-278;116;28;-109;-5;-38;-99;-123
-301;-227;-279;119;23;-114;-2;-34;-97;-126
-303;-229;-280;122;19;-118;0;-29;-94;-128
-305;-230;-282;125;14;-123;3;-24;-91;-131
-307;-232;-283;127;10;-127;5;-19;-88;-134
-308;-233;-284;130;5;-132;8;-15;-85;-137
-310;-234;-286;133;0;-136;10;-10;-82;-139
-312;-236;-287;135;-4;-140;12;-6;-79;-142
-313;-237;-288;138;-9;-145;15;-1;-77;-145
-315;-238;-289;140;-14;-149;17;3;-74;-147
-316;-240;-289;142;-18;-154;19;8;-71;-150
-318;-241;-290;145;-23;-158;21;12;-68;-152
-319;-242;-291;147;-28;-162;24;16;-65;-155
-320;-243;-292;149;-33;-167;26;21;-62;-158
-322;-244;-292;151;-38;-171;28;25;-59;-160
-323;-245;-293;153;-43;-175;30;29;-56;-163
-324;-246;-293;155;-48;-179;32;33;-53;-165
-325;-247;-294;156;-52;-184;34;37;-51;-168
-326;-247;-294;158;-57;-188;36;41;-48;-170
-326;-248;-294;160;-62;-192;37;45;-45;-172
-327;-249;-294;161;-67;-196;39;49;-42;-175
-328;-250;-295;163;-72;-200;41;52;-39;-177
-329;-250;-295;164;-77;-204;43;56;-36;-179
-329;-251;-295;165;-82;-208;44;60;-34;-181
-330;-251;-294;167;-87;-212;46;63;-31;-184
-330;-252;-294;168;-92;-216;47;66;-28;-186
-330;-252;-294;169;-97;-220;49;70;-25;-188
-330;-253;-294;170;-102;-224;50;73;-22;-190
-331;-253;-293;171;-107;-228;52;76;-20;-192
-331;-253;-293;172;-111;-231;53;79;-17;-194
-331;-253;-292;172;-116;-235;54;82;-14;-196
-331;-254;-292;173;-121;-239;56;85;-11;-198
-331;-254;-291;174;-126;-242;57;88;-9;-200
-330;-254;-291;174;-131;-246;58;91;-6;-202
-330;-254;-290;175;-136;-249;59;94;-4;-203
-330;-254;-289;175;-140;-253;60;96;-1;-205
-329;-254;-288;175;-145;-256;61;99;2;-207
-329;-254;-287;175;-150;-259;62;101;4;-208
-328;-254;-286;175;-155;-263;63;104;7;-210
-328;-253;-285;175;-159;-266;64;106;9;-211
-327;-253;-284;175;-164;-269;64;108;12;-213
-326;-253;-283;175;-169;-272;65;110;14;-214
-325;-253;-281;175;-173;-275;66;112;17;-216
-324;-252;-280;175;-178;-278;66;114;19;-217
-323;-252;-279;174;-183;-281;67;116;21;-218
-322;-251;-277;174;-187;-284;67;118;24;-220
-321;-251;-276;173;-192;-287;68;120;26;-221
-320;-250;-274;173;-196;-289;68;121;28;-222
-319;-250;-272;172;-201;-292;69;123;30;-223
-317;-249;-271;171;-205;-295;69;124;32;-224
-316;-249;-269;170;-209;-297;69;125;35;-225
-314;-248;-267;169;-214;-299;69;126;37;-226
-313;-247;-265;168;-218;-302;69;127;39;-226
-311;-246;-263;167;-222;-304;69;128;41;-227
-309;-246;-261;166;-226;-306;69;129;43;-228
-308;-245;-259;165;-230;-308;69;130;45;-229
-306;-244;-257;163;-234;-310;69;131;47;-229
-304;-243;-255;162;-238;-312;69;131;48;-230
-302;-242;-253;160;-242;-314;69;132;50;-230
-300;-241;-251;159;-246;-316;69;132;52;-231
-298;-240;-249;157;-250;-318;68;132;54;-231
-296;-239;-246;156;-254;-319;68;133;55;-231
-293;-238;-244;154;-257;-321;67;133;57;-231
-291;-237;-242;152;-261;-322;67;133;58;-232
-289;-236;-239;150;-265;-324;66;133;60;-232
-286;-235;-237;148;-268;-325;66;133;61;-232
-284;-233;-234;146;-272;-326;65;132;63;-232
-281;-232;-232;144;-275;-328;64;132;64;-232
-279;-231;-229;142;-279;-329;64;131;65;-232
-276;-230;-227;139;-282;-330;63;131;66;-231
-273;-228;-224;137;-285;-331;62;130;68;-231
-271;-227;-221;134;-288;-331;61;130;69;-231
-268;-226;-219;132;-291;-332;60;129;70;-230
-265;-224;-216;129;-294;-333;59;128;71;-230
-262;-223;-213;127;-297;-333;58;127;72;-230
-259;-221;-210;124;-300;-334;57;126;73;-229
-256;-220;-208;121;-303;-334;55;124;73;-228
-253;-218;-205;118;-306;-334;54;123;74;-228
-250;-217;-202;116;-308;-335;53;122;75;-227
-247;-215;-199;113;-311;-335;52;120;76;-226
-243;-214;-196;110;-314;-335;50;119;76;-225
-240;-212;-193;107;-316;-335;49;117;77;-225
-237;-210;-190;103;-318;-335;47;115;77;-224
-234;-209;-187;100;-321;-334;46;114;77;-223
-230;-207;-184;97;-323;-334;44;112;78;-222
-227;-206;-181;94;-325;-334;43;110;78;-221
-223;-204;-178;90;-327;-333;41;108;78;-219
-220;-202;-175;87;-329;-333;39;105;78;-218
-216;-200;-172;83;-331;-332;38;103;78;-217
-212;-199;-169;80;-333;-331;36;101;78;-216
-209;-197;-165;76;-335;-331;34;99;78;-214
-205;-195;-162;73;-336;-330;32;96;78;-213
-201;-193;-159;69;-338;-329;30;94;78;-211
-198;-192;-156;65;-339;-328;28;91;78;-210
-194;-190;-153;61;-341;-326;26;88;78;-208
-190;-188;-150;58;-342;-325;24;86;77;-207
-186;-186;-147;54;-343;-324;22;83;77;-205
-182;-184;-143;50;-345;-322;20;80;76;-203
-178;-182;-140;46;-346;-321;18;77;76;-201
-175;-180;-137;42;-347;-319;16;74;75;-200
-171;-179;-134;38;-348;-318;14;71;74;-198
-167;-177;-131;34;-348;-316;11;68;73;-196
-163;-175;-127;30;-349;-314;9;64;73;-194
-159;-173;-124;25;-350;-312;7;61;72;-192
-155;-171;-121;21;-350;-310;4;58;71;-190
-151;-169;-118;17;-351;-308;2;54;70;-188
-146;-167;-115;13;-351;-306;0;51;69;-186
-142;-165;-112;8;-352;-304;-3;48;67;-184
-138;-163;-108;4;-352;-302;-5;44;66;-181
-134;-161;-105;-1;-352;-299;-8;40;65;-179
-130;-159;-102;-5;-352;-297;-10;37;63;-177
-126;-157;-99;-9;-352;-295;-13;33;62;-175
-122;-155;-96;-14;-352;-292;-15;29;60;-172
-118;-153;-93;-18;-352;-289;-18;26;59;-170
-113;-151;-90;-23;-352;-287;-21;22;57;-167
-109;-149;-87;-28;-352;-284;-23;18;55;-165
-105;-147;-84;-32;-351;-281;-26;14;54;-163
-101;-145;-81;-37;-351;-278;-29;10;52;-160
-97;-143;-78;-41;-350;-275;-31;6;50;-158
-93;-141;-75;-46;-350;-272;-34;2;48;-155
-88;-139;-72;-51;-349;-269;-37;-2;46;-152
-84;-137;-69;-55;-348;-266;-40;-6;44;-150
-80;-136;-66;-60;-347;-263;-42;-10;42;-147
-76;-134;-63;-65;-346;-259;-45;-14;40;-145
-72;-132;-60;-70;-345;-256;-48;-19;37;-142
-68;-130;-57;-74;-344;-253;-51;-23;35;-139
-63;-128;-54;-79;-343;-249;-54;-27;33;-137
-59;-126;-51;-84;-341;-246;-56;-31;30;-134
-55;-124;-49;-89;-340;-242;-59;-35;28;-131
-51;-122;-46;-94;-339;-239;-62;-40;25;-128
-47;-120;-43;-98;-337;-235;-65;-44;22;-126
-43;-118;-41;-103;-336;-231;-68;-48;20;-123
-39;-116;-38;-108;-334;-228;-71;-53;17;-120
-35;-114;-35;-113;-332;-224;-74;-57;14;-117
-31;-112;-33;-118;-330;-220;-77;-61;11;-115
-27;-110;-30;-123;-329;-216;-79;-66;8;-112
-23;-108;-28;-127;-327;-212;-82;-70;6;-109
-19;-106;-25;-132;-325;-208;-85;-74;3;-106
-15;-104;-23;-137;-322;-204;-88;-79;-1;-103
-11;-102;-20;-142;-320;-200;-91;-83;-4;-100
-7;-100;-18;-147;-318;-196;-94;-87;-7;-98
-3;-99;-16;-151;-316;-192;-97;-92;-10;-95
1;-97;-13;-156;-313;-188;-100;-96;-13;-92
5;-95;-11;-161;-311;-184;-103;-100;-16;-89
8;-93;-9;-166;-309;-180;-106;-104;-20;-86
12;-91;-7;-171;-306;-175;-108;-109;-23;-83
16;-89;-5;-175;-303;-171;-111;-113;-27;-81
19;-87;-2;-180;-301;-167;-114;-117;-30;-78
23;-85;0;-185;-298;-163;-117;-122;-33;-75
27;-84;2;-190;-295;-158;-120;-126;-37;-72
30;-82;4;-194;-292;-154;-123;-130;-41;-69
34;-80;5;-199;-289;-150;-126;-134;-44;-67
37;-78;7;-203;-286;-145;-128;-138;-48;-64
41;-76;9;-208;-283;-141;-131;-142;-51;-61
44;-75;11;-213;-280;-137;-134;-147;-55;-58
47;-73;13;-217;-277;-132;-137;-151;-59;-56
51;-71;14;-222;-274;-128;-140;-155;-63;-53
54;-69;16;-226;-270;-123;-142;-159;-66;-50
57;-68;18;-231;-267;-119;-145;-163;-70;-48
60;-66;19;-235;-264;-115;-148;-167;-74;-45
63;-64;21;-240;-260;-110;-151;-170;-78;-42
67;-63;22;-244;-257;-106;-153;-174;-82;-40
70;-61;23;-248;-253;-101;-156;-178;-86;-37
72;-59;25;-253;-250;-97;-158;-182;-90;-35
75;-58;26;-257;-246;-92;-161;-186;-94;-32
78;-56;27;-261;-243;-88;-164;-189;-98;-30
81;-54;28;-265;-239;-84;-166;-193;-102;-27
84;-53;30;-270;-235;-79;-169;-197;-106;-25
87;-51;31;-274;-231;-75;-171;-200;-110;-22
89;-50;32;-278;-228;-71;-174;-204;-114;-20
92;-48;33;-282;-224;-66;-176;-207;-118;-18
94;-46;34;-286;-220;-62;-179;-211;-122;-15
97;-45;34;-290;-216;-58;-181;-214;-126;-13
99;-43;35;-293;-212;-53;-183;-217;-130;-11
101;-42;36;-297;-208;-49;-186;-220;-134;-9
104;-40;37;-301;-204;-45;-188;-224;-138;-7
106;-39;38;-305;-200;-41;-190;-227;-142;-4
108;-37;38;-308;-196;-36;-193;-230;-146;-2
110;-36;39;-312;-192;-32;-195;-233;-150;0
112;-34;39;-316;-188;-28;-197;-236;-154;2
114;-33;40;-319;-183;-24;-199;-239;-159;4
116;-32;40;-323;-179;-20;-201;-242;-163;6
118;-30;40;-326;-175;-16;-203;-244;-167;8
120;-29;41;-329;-171;-12;-205;-247;-171;9
121;-27;41;-333;-166;-8;-207;-250;-175;11
123;-26;41;-336;-162;-4;-209;-252;-179;13
125;-25;41;-339;-158;0;-211;-255;-183;15
126;-23;42;-342;-154;4;-213;-257;-187;16
127;-22;42;-345;-149;8;-215;-259;-191;18
129;-21;42;-348;-145;11;-217;-262;-195;19
130;-20;42;-351;-141;15;-219;-264;-199;21
131;-18;41;-354;-136;19;-220;-266;-203;22
132;-17;41;-356;-132;22;-222;-268;-206;24
134;-16;41;-359;-127;26;-224;-270;-210;25
135;-15;41;-361;-123;29;-225;-272;-214;27
135;-14;41;-364;-119;33;-227;-274;-218;28
136;-12;40;-366;-114;36;-228;-276;-222;29
137;-11;40;-369;-110;40;-230;-277;-226;30
138;-10;39;-371;-105;43;-231;-279;-229;31
138;-9;39;-373;-101;46;-233;-280;-233;32
139;-8;38;-375;-97;49;-234;-282;-237;33
140;-7;38;-377;-92;52;-235;-283;-240;34
140;-6;37;-379;-88;56;-237;-285;-244;35
140;-5;37;-381;-83;59;-238;-286;-247;36
141;-4;36;-383;-79;61;-239;-287;-251;37
141;-3;35;-385;-75;64;-240;-288;-254;38
141;-2;34;-387;-70;67;-241;-289;-258;38
141;-1;33;-388;-66;70;-242;-290;-261;39
141;0;33;-390;-61;73;-243;-291;-264;39
141;1;32;-391;-57;75;-244;-291;-268;40
141;2;31;-392;-53;78;-245;-292;-271;40
140;3;30;-394;-48;80;-246;-293;-274;41
140;4;29;-395;-44;83;-247;-293;-277;41
140;5;27;-396;-40;85;-247;-294;-280;41
139;6;26;-397;-36;87;-248;-294;-283;42
139;7;25;-398;-31;89;-249;-294;-286;42
138;7;24;-398;-27;91;-249;-294;-289;42
137;8;23;-399;-23;93;-250;-294;-292;42
137;9;21;-400;-19;95;-250;-294;-294;42
136;10;20;-400;-14;97;-251;-294;-297;42
135;10;19;-401;-10;99;-251;-294;-300;42
134;11;17;-401;-6;101;-251;-294;-302;41
133;12;16;-401;-2;102;-252;-294;-305;41
132;12;14;-401;2;104;-252;-293;-307;41
131;13;13;-401;6;105;-252;-293;-310;41
129;14;11;-401;10;107;-252;-292;-312;40
128;14;10;-401;14;108;-252;-292;-314;40
127;15;8;-401;18;109;-252;-291;-316;39
125;16;6;-401;22;111;-252;-290;-318;39
124;16;5;-400;26;112;-252;-289;-320;38
122;17;3;-400;30;113;-252;-289;-322;37
120;17;1;-399;33;114;-252;-288;-324;37
119;18;-1;-399;37;114;-252;-287;-326;36
117;18;-2;-398;41;115;-252;-285;-328;35
115;19;-4;-397;44;116;-251;-284;-329;34
113;19;-6;-396;48;116;-251;-283;-331;33
111;19;-8;-395;52;117;-251;-282;-332;32
109;20;-10;-394;55;117;-250;-280;-334;31
107;20;-12;-393;59;118;-250;-279;-335;30
105;20;-14;-391;62;118;-249;-277;-336;29
103;21;-16;-390;66;118;-249;-276;-337;28
100;21;-18;-388;69;118;-248;-274;-338;26
98;21;-20;-387;72;118;-247;-272;-339;25
95;22;-22;-385;76;118;-247;-270;-340;24
93;22;-24;-383;79;118;-246;-268;-341;22
90;22;-26;-381;82;118;-245;-266;-342;21
88;22;-28;-379;85;118;-244;-264;-342;19
85;22;-30;-377;88;117;-243;-262;-343;18
82;23;-32;-375;91;117;-242;-260;-343;16
80;23;-34;-373;94;116;-241;-258;-343;14
77;23;-36;-370;97;115;-240;-256;-344;13
74;23;-38;-368;100;115;-239;-253;-344;11
71;23;-40;-365;103;114;-238;-251;-344;9
68;23;-43;-363;106;113;-237;-249;-344;7
65;23;-45;-360;108;112;-236;-246;-344;5
62;23;-47;-357;111;111;-234;-244;-344;3
59;23;-49;-354;113;110;-233;-241;-343;2
56;23;-51;-351;116;109;-232;-238;-343;0
52;23;-54;-348;118;107;-230;-236;-342;-2
49;22;-56;-345;121;106;-229;-233;-342;-5
46;22;-58;-342;123;105;-228;-230;-341;-7
43;22;-60;-339;125;103;-226;-227;-340;-9
39;22;-63;-335;128;102;-225;-224;-339;-11
36;22;-65;-332;130;100;-223;-222;-338;-13
32;21;-67;-328;132;98;-221;-219;-337;-15
29;21;-69;-324;134;97;-220;-216;-336;-18
25;21;-71;-321;136;95;-218;-213;-335;-20
22;21;-74;-317;138;93;-216;-210;-334;-22
18;20;-76;-313;139;91;-215;-206;-332;-25
14;20;-78;-309;141;89;-213;-203;-331;-27
11;19;-80;-305;143;87;-211;-200;-329;-30
7;19;-83;-301;144;84;-209;-197;-327;-32
3;18;-85;-297;146;82;-207;-194;-326;-35
-1;18;-87;-292;147;80;-205;-190;-324;-37
-5;17;-89;-288;149;78;-203;-187;-322;-40
-8;17;-92;-284;150;75;-201;-184;-320;-42
-12;16;-94;-279;151;73;-199;-180;-318;-45
-16;16;-96;-275;152;70;-197;-177;-315;-47
-20;15;-98;-270;154;67;-195;-174;-313;-50
-24;14;-100;-265;155;65;-193;-170;-311;-53
-28;14;-102;-260;156;62;-191;-167;-308;-55
-32;13;-105;-256;156;59;-189;-163;-305;-58
-36;12;-107;-251;157;56;-187;-160;-303;-61
-40;12;-109;-246;158;54;-185;-156;-300;-63
-44;11;-111;-241;159;51;-182;-153;-297;-66
-48;10;-113;-236;159;48;-180;-149;-294;-69
-52;9;-115;-231;160;45;-178;-146;-291;-72
-56;8;-117;-225;160;41;-176;-142;-288;-74
-61;7;-119;-220;161;38;-173;-139;-285;-77
-65;6;-121;-215;161;35;-171;-135;-282;-80
-69;5;-123;-210;161;32;-169;-132;-278;-83
-73;4;-125;-204;161;29;-166;-128;-275;-85
-77;3;-127;-199;161;25;-164;-125;-271;-88
-81;2;-129;-193;161;22;-161;-121;-268;-91
-85;1;-131;-188;161;19;-159;-117;-264;-94
-90;0;-133;-182;161;15;-156;-114;-260;-97
-94;-1;-135;-176;161;12;-154;-110;-257;-99
-98;-2;-137;-171;161;8;-152;-107;-253;-102
-102;-3;-139;-165;160;5;-149;-103;-249;-105
-106;-4;-140;-159;160;1;-147;-100;-245;-108
-110;-6;-142;-154;159;-2;-144;-96;-241;-111
-114;-7;-144;-148;159;-6;-142;-93;-236;-113
-119;-8;-146;-142;158;-9;-139;-89;-232;-116
-123;-9;-148;-136;157;-13;-136;-86;-228;-119
-127;-11;-149;-130;157;-17;-134;-82;-224;-122
-131;-12;-151;-124;156;-20;-131;-79;-219;-125
-135;-14;-153;-118;155;-24;-129;-75;-215;-127
-139;-15;-154;-112;154;-28;-126;-72;-210;-130
-143;-16;-156;-106;153;-31;-124;-69;-206;-133
-147;-18;-157;-100;152;-35;-121;-65;-201;-135
-151;-19;-159;-94;150;-39;-118;-62;-196;-138
-155;-21;-160;-88;149;-43;-116;-59;-192;-141
-159;-23;-162;-82;148;-46;-113;-55;-187;-144
-163;-24;-163;-76;146;-50;-111;-52;-182;-146
-167;-26;-165;-70;145;-54;-108;-49;-177;-149
-171;-27;-166;-64;143;-58;-105;-46;-172;-151
-175;-29;-167;-58;141;-62;-103;-42;-167;-154
-179;-31;-169;-52;140;-65;-100;-39;-162;-157
-183;-32;-170;-46;138;-69;-98;-36;-157;-159
-187;-34;-171;-40;136;-73;-95;-33;-152;-162
-191;-36;-173;-34;134;-77;-93;-30;-147;-164
-195;-38;-174;-27;132;-80;-90;-27;-142;-167
-198;-40;-175;-21;130;-84;-87;-24;-137;-169
-202;-41;-176;-15;128;-88;-85;-21;-132;-172
-206;-43;-177;-9;125;-92;-82;-18;-126;-174
-210;-45;-178;-3;123;-95;-80;-15;-121;-176
-213;-47;-179;3;121;-99;-77;-13;-116;-179
-217;-49;-180;9;118;-103;-75;-10;-110;-181
-220;-51;-181;15;116;-107;-72;-7;-105;-183
-224;-53;-182;21;113;-110;-70;-4;-100;-185
-227;-55;-183;27;111;-114;-67;-2;-94;-188
-231;-57;-184;33;108;-118;-65;1;-89;-190
-234;-59;-185;39;105;-121;-62;3;-84;-192
-238;-61;-185;44;102;-125;-60;6;-78;-194
-241;-63;-186;50;99;-128;-57;8;-73;-196
-244;-65;-187;56;96;-132;-55;11;-67;-198
-247;-67;-188;62;93;-135;-52;13;-62;-200
-251;-69;-188;68;90;-139;-50;15;-56;-202
-254;-72;-189;73;87;-142;-48;18;-51;-204
-257;-74;-189;79;84;-146;-45;20;-46;-206
-260;-76;-190;85;81;-149;-43;22;-40;-208
-263;-78;-190;90;78;-153;-41;24;-35;-210
-266;-80;-191;96;74;-156;-38;26;-29;-211
-269;-83;-191;101;71;-159;-36;28;-24;-213
-272;-85;-192;107;67;-162;-34;30;-19;-215
-274;-87;-192;112;64;-166;-32;32;-13;-216
-277;-89;-192;117;60;-169;-29;33;-8;-218
-280;-92;-193;122;57;-172;-27;35;-3;-220
-283;-94;-193;128;53;-175;-25;37;3;-221
-285;-96;-193;133;49;-178;-23;38;8;-223
-288;-99;-193;138;45;-181;-21;40;13;-224
-290;-101;-193;143;42;-184;-19;41;19;-225
-292;-103;-194;148;38;-187;-17;43;24;-227
-295;-106;-194;153;34;-190;-15;44;29;-228
-297;-108;-194;157;30;-193;-13;46;34;-229
-299;-110;-194;162;26;-195;-11;47;39;-230
-301;-113;-194;167;22;-198;-9;48;44;-231
-304;-115;-194;171;18;-201;-7;49;49;-232
-306;-118;-194;176;14;-203;-5;50;54;-233
-308;-120;-193;180;9;-206;-3;51;59;-234
-309;-123;-193;185;5;-208;-1;52;64;-235
-311;-125;-193;189;1;-211;1;53;69;-236
-313;-127;-193;193;-3;-213;2;54;74;-237
-315;-130;-193;197;-8;-216;4;54;79;-238
-316;-132;-192;201;-12;-218;6;55;83;-239
-318;-135;-192;205;-16;-220;7;56;88;-239
-319;-137;-192;209;-21;-222;9;56;92;-240
-321;-140;-191;213;-25;-224;11;57;97;-240
-322;-142;-191;216;-30;-226;12;57;101;-241
-324;-145;-190;220;-34;-228;14;57;106;-241
-325;-147;-190;223;-39;-230;15;58;110;-242
-326;-149;-189;227;-44;-232;17;58;114;-242
-327;-152;-189;230;-48;-234;18;58;119;-243
-328;-154;-188;233;-53;-236;19;58;123;-243
-329;-157;-188;236;-57;-237;21;58;127;-243
-330;-159;-187;239;-62;-239;22;58;131;-243
-331;-162;-186;242;-67;-240;23;58;135;-243
-331;-164;-186;244;-72;-242;24;58;139;-243
-332;-166;-185;247;-76;-243;26;58;142;-243
-333;-169;-184;250;-81;-244;27;57;146;-243
-333;-171;-183;252;-86;-246;28;57;150;-243
-334;-174;-183;254;-91;-247;29;57;153;-243
-334;-176;-182;256;-95;-248;30;56;156;-243
-334;-178;-181;258;-100;-249;31;56;160;-243
-335;-181;-180;260;-105;-250;32;55;163;-242
-335;-183;-179;262;-110;-251;33;55;166;-242
-335;-185;-178;264;-115;-252;34;54;169;-241
-335;-188;-177;265;-120;-253;34;53;172;-241
-335;-190;-176;267;-124;-253;35;52;175;-241
-335;-192;-175;268;-129;-254;36;51;178;-240
-335;-194;-174;270;-134;-255;37;50;181;-239
-334;-197;-173;271;-139;-255;37;49;183;-239
-334;-199;-172;272;-144;-256;38;48;186;-238
-334;-201;-171;272;-149;-256;38;47;188;-237
-333;-203;-170;273;-154;-256;39;46;190;-236
-333;-205;-169;274;-159;-256;39;45;192;-236
-332;-208;-168;274;-163;-257;40;44;194;-235
-331;-210;-167;275;-168;-257;40;42;196;-234
-330;-212;-165;275;-173;-257;40;41;198;-233
-330;-214;-164;275;-178;-257;41;39;200;-232
-329;-216;-163;275;-183;-257;41;38;202;-231
-328;-218;-162;275;-188;-256;41;36;203;-229
-327;-220;-160;275;-192;-256;41;35;205;-228
-326;-222;-159;274;-197;-256;41;33;206;-227
-324;-224;-158;274;-202;-256;41;32;207;-226
-323;-226;-157;273;-207;-255;42;30;208;-224
-322;-227;-155;272;-211;-255;42;28;209;-223
-320;-229;-154;271;-216;-254;41;26;210;-222
-319;-231;-153;270;-221;-254;41;24;211;-220
-317;-233;-151;269;-226;-253;41;23;211;-219
-316;-235;-150;268;-230;-252;41;21;212;-217
-314;-236;-149;266;-235;-251;41;19;212;-216
-312;-238;-147;265;-239;-250;41;17;213;-214
-311;-240;-146;263;-244;-250;40;15;213;-213
-309;-241;-144;261;-249;-249;40;12;213;-211
-307;-243;-143;260;-253;-248;39;10;213;-209
-305;-244;-142;257;-258;-246;39;8;213;-207
-303;-246;-140;255;-262;-245;38;6;212;-206
-301;-247;-139;253;-266;-244;38;4;212;-204
-299;-249;-137;251;-271;-243;37;1;211;-202
-296;-250;-136;248;-275;-242;37;-1;211;-200
-294;-251;-134;245;-279;-240;36;-3;210;-198
-292;-253;-133;243;-284;-239;35;-6;209;-196
-289;-254;-131;240;-288;-237;35;-8;208;-194
-287;-255;-130;237;-292;-236;34;-10;207;-192
-284;-256;-128;233;-296;-234;33;-13;206;-190
-282;-257;-127;230;-300;-233;32;-15;204;-188
-279;-258;-125;227;-304;-231;31;-18;203;-186
-276;-259;-124;223;-308;-229;30;-20;201;-184
-274;-260;-122;220;-312;-227;29;-23;200;-182
-271;-261;-121;216;-316;-226;28;-26;198;-179
-268;-262;-120;212;-320;-224;27;-28;196;-177
-265;-263;-118;208;-324;-222;26;-31;194;-175
-262;-264;-117;204;-327;-220;25;-33;192;-173
-259;-264;-115;200;-331;-218;24;-36;189;-171
-256;-265;-114;195;-335;-216;23;-39;187;-168
-253;-266;-112;191;-338;-214;21;-41;184;-166
-250;-266;-111;186;-342;-212;20;-44;182;-164
-246;-267;-109;182;-345;-210;19;-47;179;-161
-243;-267;-108;177;-349;-207;18;-49;176;-159
-240;-268;-106;172;-352;-205;16;-52;173;-156
-237;-268;-105;167;-355;-203;15;-55;170;-154
-233;-268;-103;162;-358;-201;13;-58;167;-152
-230;-268;-102;157;-361;-199;12;-60;164;-149
-226;-269;-100;151;-365;-196;10;-63;160;-147
-223;-269;-99;146;-368;-194;9;-66;157;-144
-219;-269;-97;141;-370;-191;7;-69;153;-142
-216;-269;-96;135;-373;-189;5;-71;150;-139
-212;-269;-95;129;-376;-187;4;-74;146;-137
-208;-269;-93;124;-379;-184;2;-77;142;-134
-205;-269;-92;118;-381;-182;0;-80;138;-132
-201;-268;-90;112;-384;-179;-1;-83;134;-129
-197;-268;-89;106;-386;-177;-3;-85;130;-127
-193;-268;-88;100;-389;-174;-5;-88;125;-124
-190;-268;-86;94;-391;-172;-7;-91;121;-122
-186;-267;-85;87;-393;-169;-9;-94;116;-119
-182;-267;-84;81;-395;-167;-11;-96;112;-117
-178;-266;-82;75;-397;-164;-13;-99;107;-114
-174;-266;-81;68;-399;-161;-14;-102;103;-111
-170;-265;-80;62;-401;-159;-16;-104;98;-109
-166;-264;-78;55;-403;-156;-18;-107;93;-106
-162;-263;-77;48;-405;-154;-21;-110;88;-104
-158;-263;-76;42;-407;-151;-23;-112;83;-101
-154;-262;-75;35;-408;-148;-25;-115;78;-99
-150;-261;-73;28;-410;-146;-27;-118;72;-96
-146;-260;-72;21;-411;-143;-29;-120;67;-94
-142;-259;-71;14;-412;-141;-31;-123;62;-91
-138;-258;-70;7;-413;-138;-33;-126;56;-89
-134;-256;-68;0;-415;-135;-35;-128;51;-86
-130;-255;-67;-7;-416;-133;-38;-131;45;-84
-125;-254;-66;-14;-417;-130;-40;-133;40;-81
-121;-253;-65;-22;-417;-127;-42;-136;34;-79
-117;-251;-64;-29;-418;-125;-44;-138;28;-76
-113;-250;-63;-36;-419;-122;-47;-141;22;-74
-109;-248;-62;-44;-419;-120;-49;-143;16;-71
-105;-247;-61;-51;-420;-117;-51;-145;11;-69
-101;-245;-60;-58;-420;-114;-53;-148;5;-66
-96;-243;-59;-66;-421;-112;-56;-150;-1;-64
-92;-242;-58;-73;-421;-109;-58;-152;-8;-62
-88;-240;-57;-81;-421;-107;-60;-155;-14;-59
-84;-238;-56;-88;-421;-104;-63;-157;-20;-57
-80;-236;-55;-96;-421;-102;-65;-159;-26;-55
-76;-234;-54;-103;-420;-99;-68;-161;-32;-52
-71;-232;-53;-111;-420;-97;-70;-164;-39;-50
-67;-230;-52;-118;-420;-94;-72;-166;-45;-48
-63;-228;-51;-126;-419;-92;-75;-168;-51;-46
-59;-226;-50;-133;-419;-90;-77;-170;-58;-43
-55;-224;-49;-141;-418;-87;-80;-172;-64;-41
-51;-222;-49;-149;-417;-85;-82;-174;-70;-39
-47;-219;-48;-156;-416;-83;-85;-176;-77;-37
-43;-217;-47;-164;-415;-80;-87;-178;-83;-35
-39;-215;-46;-171;-414;-78;-90;-180;-90;-33
-35;-212;-46;-179;-413;-76;-92;-181;-96;-31
-31;-210;-45;-186;-412;-74;-95;-183;-103;-28
-27;-207;-44;-194;-410;-71;-97;-185;-109;-26
-23;-205;-43;-201;-409;-69;-99;-187;-116;-25
-19;-202;-43;-209;-407;-67;-102;-188;-123;-23
-15;-199;-42;-216;-406;-65;-104;-190;-129;-21
-11;-197;-42;-224;-404;-63;-107;-191;-136;-19
-7;-194;-41;-231;-402;-61;-109;-193;-142;-17
-3;-191;-40;-238;-400;-59;-112;-194;-149;-15
1;-188;-40;-246;-398;-57;-114;-196;-155;-13
5;-185;-39;-253;-396;-55;-117;-197;-162;-11
8;-182;-39;-260;-394;-53;-119;-199;-168;-10
12;-179;-38;-267;-391;-52;-122;-200;-175;-8
16;-176;-38;-275;-389;-50;-124;-201;-181;-6
19;-173;-37;-282;-386;-48;-127;-202;-188;-5
23;-170;-37;-289;-384;-46;-129;-204;-194;-3
27;-167;-37;-296;-381;-45;-131;-205;-201;-2
30;-164;-36;-303;-378;-43;-134;-206;-207;0
34;-161;-36;-309;-375;-42;-136;-207;-213;1
37;-158;-36;-316;-372;-40;-139;-208;-220;3
41;-155;-35;-323;-369;-39;-141;-209;-226;4
44;-151;-35;-330;-366;-37;-143;-210;-232;6
47;-148;-35;-336;-362;-36;-146;-211;-238;7
51;-145;-35;-343;-359;-34;-148;-211;-244;8
54;-141;-34;-349;-356;-33;-151;-212;-251;10
57;-138;-34;-356;-352;-32;-153;-213;-257;11
60;-135;-34;-362;-348;-31;-155;-213;-263;12
64;-131;-34;-368;-345;-29;-157;-214;-269;13
67;-128;-34;-374;-341;-28;-160;-215;-275;14
70;-124;-34;-380;-337;-27;-162;-215;-280;15
73;-121;-33;-386;-333;-26;-164;-216;-286;16
76;-117;-33;-392;-329;-25;-166;-216;-292;17
78;-114;-33;-398;-324;-24;-169;-216;-298;18
81;-110;-33;-404;-320;-23;-171;-217;-303;19
84;-107;-33;-409;-316;-23;-173;-217;-309;20
87;-103;-33;-415;-311;-22;-175;-217;-314;21
89;-100;-33;-420;-307;-21;-177;-217;-320;21
92;-96;-33;-425;-302;-20;-179;-217;-325;22
95;-93;-33;-430;-298;-20;-182;-217;-330;23
97;-89;-34;-435;-293;-19;-184;-217;-335;24
99;-85;-34;-440;-288;-19;-186;-217;-340;24
102;-82;-34;-445;-283;-18;-188;-217;-346;25
104;-78;-34;-450;-278;-18;-190;-217;-350;25
106;-75;-34;-454;-273;-17;-192;-217;-355;26
109;-71;-34;-459;-268;-17;-193;-217;-360;26
111;-67;-34;-463;-263;-17;-195;-216;-365;26
113;-64;-35;-467;-258;-16;-197;-216;-369;27
115;-60;-35;-472;-252;-16;-199;-216;-374;27
117;-56;-35;-476;-247;-16;-201;-215;-378;27
119;-53;-36;-479;-241;-16;-203;-215;-382;28
120;-49;-36;-483;-236;-16;-204;-214;-387;28
122;-46;-36;-487;-230;-16;-206;-214;-391;28
124;-42;-36;-490;-225;-16;-208;-213;-395;28
125;-38;-37;-494;-219;-16;-210;-213;-398;28
127;-35;-37;-497;-213;-16;-211;-212;-402;28
128;-31;-38;-500;-208;-16;-213;-211;-406;28
130;-28;-38;-503;-202;-16;-214;-211;-409;28
131;-24;-38;-505;-196;-17;-216;-210;-413;28
132;-21;-39;-508;-190;-17;-217;-209;-416;28
133;-17;-39;-511;-184;-17;-219;-208;-419;27
134;-14;-40;-513;-178;-18;-220;-207;-422;27
135;-10;-40;-515;-172;-18;-222;-206;-425;27
136;-7;-41;-517;-166;-19;-223;-205;-428;27
137;-3;-41;-519;-159;-19;-224;-204;-431;26
138;0;-42;-521;-153;-20;-226;-203;-434;26
139;3;-42;-523;-147;-20;-227;-202;-436;25
140;7;-43;-524;-141;-21;-228;-201;-439;25
140;10;-43;-525;-134;-22;-229;-199;-441;24
141;13;-44;-527;-128;-22;-230;-198;-443;24
141;17;-45;-528;-122;-23;-231;-197;-445;23
141;20;-45;-528;-115;-24;-232;-196;-447;22
142;23;-46;-529;-109;-25;-233;-194;-449;22
142;26;-47;-530;-102;-26;-234;-193;-450;21
142;29;-47;-530;-96;-27;-235;-191;-452;20
142;32;-48;-530;-90;-27;-236;-190;-453;19
142;35;-49;-531;-83;-28;-237;-189;-454;19
142;38;-49;-531;-76;-29;-238;-187;-455;18
142;41;-50;-530;-70;-30;-239;-185;-456;17
142;44;-51;-530;-63;-32;-239;-184;-457;16
141;47;-51;-530;-57;-33;-240;-182;-458;15
141;50;-52;-529;-50;-34;-241;-181;-458;14
141;53;-53;-528;-44;-35;-241;-179;-459;13
140;56;-54;-527;-37;-36;-242;-177;-459;12
139;58;-54;-526;-31;-37;-242;-176;-459;11
139;61;-55;-525;-24;-39;-243;-174;-459;9
138;64;-56;-523;-17;-40;-243;-172;-459;8
137;66;-57;-522;-11;-41;-244;-170;-459;7
136;69;-58;-520;-4;-42;-244;-168;-459;6
135;71;-58;-518;2;-44;-244;-167;-458;4
134;73;-59;-516;9;-45;-244;-165;-458;3
133;76;-60;-514;15;-46;-245;-163;-457;2
132;78;-61;-512;22;-48;-245;-161;-456;0
131;80;-62;-509;28;-49;-245;-159;-455;-1
129;83;-63;-507;35;-51;-245;-157;-454;-2
128;85;-63;-504;41;-52;-245;-155;-452;-4
126;87;-64;-501;48;-54;-245;-153;-451;-5
125;89;-65;-498;54;-55;-245;-151;-450;-7
123;91;-66;-495;61;-57;-245;-149;-448;-8
122;93;-67;-491;67;-58;-244;-147;-446;-10
120;94;-68;-488;73;-60;-244;-145;-444;-11
118;96;-69;-484;80;-61;-244;-143;-442;-13
116;98;-70;-480;86;-63;-244;-141;-440;-15
114;99;-71;-476;92;-64;-243;-139;-437;-16
112;101;-72;-472;98;-66;-243;-137;-435;-18
110;103;-72;-468;104;-67;-242;-135;-432;-20
108;104;-73;-464;110;-69;-242;-133;-430;-21
106;105;-74;-459;116;-70;-241;-131;-427;-23
103;107;-75;-455;122;-72;-241;-129;-424;-25
101;108;-76;-450;128;-73;-240;-127;-421;-27
98;109;-77;-445;134;-75;-240;-124;-417;-29
96;110;-78;-440;140;-77;-239;-122;-414;-30
93;111;-79;-435;146;-78;-238;-120;-411;-32
91;112;-80;-430;151;-80;-237;-118;-407;-34
88;113;-81;-424;157;-81;-236;-116;-403;-36
85;114;-82;-419;163;-83;-236;-114;-400;-38
82;115;-83;-413;168;-84;-235;-112;-396;-40
80;115;-84;-407;174;-86;-234;-109;-392;-42
77;116;-85;-402;179;-88;-233;-107;-387;-43
74;116;-86;-396;184;-89;-231;-105;-383;-45
71;117;-87;-390;189;-91;-230;-103;-379;-47
68;117;-88;-383;195;-92;-229;-101;-374;-49
64;117;-89;-377;200;-94;-228;-99;-370;-51
61;118;-90;-371;205;-95;-227;-97;-365;-53
58;118;-91;-364;210;-97;-225;-95;-360;-55
55;118;-92;-358;214;-98;-224;-93;-355;-57
51;118;-92;-351;219;-100;-223;-91;-350;-59
48;118;-93;-344;224;-101;-221;-88;-345;-61
44;118;-94;-337;228;-103;-220;-86;-340;-63
41;117;-95;-330;233;-104;-218;-84;-335;-65
37;117;-96;-323;237;-105;-217;-82;-329;-67
34;117;-97;-316;241;-107;-215;-80;-324;-69
30;116;-98;-309;246;-108;-214;-78;-318;-71
26;116;-99;-301;250;-109;-212;-76;-313;-73
23;115;-100;-294;254;-111;-210;-74;-307;-75
19;114;-101;-286;257;-112;-208;-72;-301;-77
15;114;-102;-279;261;-113;-207;-70;-295;-80
11;113;-103;-271;265;-115;-205;-68;-289;-82
7;112;-104;-264;268;-116;-203;-66;-283;-84
3;111;-105;-256;272;-117;-201;-65;-277;-86
-1;110;-106;-248;275;-118;-199;-63;-271;-88
-5;109;-107;-240;279;-119;-197;-61;-265;-90
-9;107;-108;-232;282;-120;-195;-59;-259;-92
-13;106;-109;-224;285;-122;-193;-57;-252;-94
-17;105;-110;-216;288;-123;-191;-55;-246;-96
-21;103;-110;-208;290;-124;-189;-53;-239;-98
-25;102;-111;-200;293;-125;-187;-52;-233;-100
-29;100;-112;-192;295;-126;-185;-50;-226;-102
-33;99;-113;-183;298;-127;-182;-48;-219;-104
-38;97;-114;-175;300;-128;-180;-47;-213;-106
-42;95;-115;-167;302;-128;-178;-45;-206;-108
-46;93;-116;-159;304;-129;-176;-43;-199;-110
-50;91;-117;-150;306;-130;-173;-42;-192;-112
-55;89;-118;-142;308;-131;-171;-40;-186;-114
-59;87;-118;-133;310;-132;-168;-38;-179;-116
-63;85;-119;-125;311;-132;-166;-37;-172;-117
-68;83;-120;-117;313;-133;-164;-35;-165;-119
-72;81;-121;-108;314;-134;-161;-34;-158;-121
-77;78;-122;-100;315;-134;-159;-33;-151;-123
-81;76;-123;-91;316;-135;-156;-31;-144;-125
-85;73;-123;-83;317;-135;-154;-30;-137;-127
-90;71;-124;-74;318;-136;-151;-28;-129;-129
-94;68;-125;-66;318;-136;-148;-27;-122;-131
-99;66;-126;-57;319;-137;-146;-26;-115;-132
-103;63;-127;-49;319;-137;-143;-24;-108;-134
-107;60;-128;-41;320;-138;-140;-23;-101;-136
-112;57;-128;-32;320;-138;-138;-22;-94;-138
-116;54;-129;-24;320;-138;-135;-21;-87;-139
-121;51;-130;-15;319;-139;-132;-20;-79;-141
-125;48;-131;-7;319;-139;-130;-19;-72;-143
-130;45;-131;1;319;-139;-127;-18;-65;-145
-134;42;-132;10;318;-139;-124;-17;-58;-146
-139;39;-133;18;317;-139;-121;-16;-51;-148
-143;36;-133;26;316;-139;-119;-15;-44;-150
-147;33;-134;34;315;-139;-116;-14;-37;-151
-152;29;-135;42;314;-139;-113;-13;-30;-153
-156;26;-136;50;313;-139;-110;-12;-23;-154
-161;22;-136;58;311;-139;-107;-11;-16;-156
-165;19;-137;66;310;-139;-104;-10;-9;-157
-169;15;-138;74;308;-139;-101;-10;-2;-159
-174;12;-138;82;306;-139;-99;-9;5;-160
-178;8;-139;90;304;-139;-96;-8;12;-162
-182;5;-139;98;302;-138;-93;-8;19;-163
-186;1;-140;106;300;-138;-90;-7;26;-165
-191;-3;-141;113;298;-138;-87;-7;33;-166
-195;-7;-141;121;295;-137;-84;-6;39;-167
-199;-10;-142;128;292;-137;-81;-6;46;-169
-203;-14;-142;136;290;-137;-78;-5;53;-170
-207;-18;-143;143;287;-136;-75;-5;59;-171
-211;-22;-144;150;284;-136;-72;-4;66;-172
-215;-26;-144;157;280;-135;-70;-4;72;-174
-219;-30;-145;164;277;-134;-67;-4;79;-175
-223;-34;-145;171;274;-134;-64;-4;85;-176
-227;-38;-146;178;270;-133;-61;-3;91;-177
-231;-42;-146;185;266;-133;-58;-3;98;-178
-235;-46;-147;191;262;-132;-55;-3;104;-179
-239;-50;-147;198;258;-131;-52;-3;110;-180
-243;-54;-147;205;254;-130;-49;-3;116;-181
-247;-58;-148;211;250;-130;-46;-3;122;-182
-250;-63;-148;217;246;-129;-43;-3;128;-183
-254;-67;-149;223;241;-128;-41;-3;133;-184
-258;-71;-149;229;237;-127;-38;-3;139;-185
-261;-75;-150;235;232;-126;-35;-3;145;-186
-265;-79;-150;241;227;-125;-32;-3;150;-187
-268;-84;-150;247;222;-124;-29;-4;156;-187
-272;-88;-151;252;217;-123;-27;-4;161;-188
-275;-92;-151;258;212;-122;-24;-4;166;-189
-278;-96;-151;263;206;-121;-21;-5;171;-190
-282;-101;-152;268;201;-120;-18;-5;176;-190
-285;-105;-152;273;195;-119;-15;-5;181;-191
-288;-109;-152;278;190;-118;-13;-6;186;-191
-291;-114;-152;283;184;-117;-10;-6;191;-192
-294;-118;-153;287;178;-116;-7;-7;195;-193
-297;-122;-153;292;172;-114;-5;-7;200;-193
-300;-126;-153;296;166;-113;-2;-8;204;-194
-303;-131;-153;300;160;-112;0;-9;209;-194
-306;-135;-154;305;153;-111;3;-9;213;-194
-309;-139;-154;308;147;-109;6;-10;217;-195
-311;-143;-154;312;140;-108;8;-11;221;-195
-314;-148;-154;316;134;-107;11;-11;225;-195
-317;-152;-154;319;127;-106;13;-12;229;-196
-319;-156;-154;323;120;-104;16;-13;232;-196
-321;-160;-154;326;114;-103;18;-14;236;-196
-324;-164;-155;329;107;-102;20;-15;239;-196
-326;-168;-155;332;100;-100;23;-16;242;-197
-328;-173;-155;334;92;-99;25;-17;245;-197
-330;-177;-155;337;85;-98;27;-18;248;-197
-333;-181;-155;339;78;-96;29;-19;251;-197
-334;-185;-155;342;71;-95;32;-20;254;-197
-336;-189;-155;344;63;-93;34;-21;257;-197
-338;-193;-155;346;56;-92;36;-22;259;-197
-340;-197;-155;348;48;-91;38;-23;262;-197
-342;-201;-155;349;40;-89;40;-24;264;-197
-343;-205;-155;351;33;-88;42;-26;266;-197
-345;-209;-155;352;25;-86;44;-27;268;-196
-346;-212;-155;353;17;-85;46;-28;270;-196
-348;-216;-154;354;9;-84;48;-29;271;-196
-349;-220;-154;355;1;-82;50;-31;273;-196
-350;-224;-154;355;-7;-81;52;-32;274;-196
-351;-227;-154;356;-15;-79;53;-33;276;-195
-352;-231;-154;356;-23;-78;55;-35;277;-195
-353;-235;-154;356;-31;-77;57;-36;278;-195
-354;-238;-154;356;-39;-75;59;-38;279;-194
-355;-242;-153;356;-47;-74;60;-39;279;-194
-356;-245;-153;356;-55;-73;62;-41;280;-193
-357;-249;-153;355;-64;-71;63;-42;280;-193
-357;-252;-153;355;-72;-70;65;-44;281;-192
-358;-255;-152;354;-80;-68;66;-45;281;-192
-358;-259;-152;353;-89;-67;67;-47;281;-191
-358;-262;-152;352;-97;-66;69;-48;281;-191
-359;-265;-152;350;-105;-64;70;-50;281;-190
-359;-268;-151;349;-114;-63;71;-52;280;-189
-359;-271;-151;347;-122;-62;72;-53;280;-189
-359;-274;-151;345;-131;-61;73;-55;279;-188
-359;-277;-150;343;-139;-59;74;-57;278;-187
-359;-280;-150;341;-147;-58;75;-58;277;-187
-358;-283;-149;339;-156;-57;76;-60;276;-186
-358;-286;-149;337;-164;-56;77;-62;275;-185
-358;-288;-149;334;-173;-55;78;-64;274;-184
-357;-291;-148;331;-181;-53;79;-65;272;-183
-356;-294;-148;328;-189;-52;79;-67;271;-182
-356;-296;-147;325;-198;-51;80;-69;269;-182
-355;-299;-147;322;-206;-50;81;-71;267;-181
-354;-301;-146;319;-215;-49;81;-73;265;-180
-353;-303;-146;315;-223;-48;82;-74;263;-179
-352;-305;-145;311;-231;-47;82;-76;261;-178
-351;-308;-145;308;-240;-46;82;-78;258;-177
-350;-310;-144;304;-248;-45;83;-80;256;-176
-348;-312;-143;300;-256;-44;83;-82;253;-175
-347;-314;-143;295;-264;-43;83;-84;250;-174
-346;-316;-142;291;-272;-43;83;-86;247;-172
-344;-317;-142;286;-280;-42;83;-87;244;-171
-343;-319;-141;282;-288;-41;83;-89;241;-170
-341;-321;-140;277;-297;-40;83;-91;238;-169
-339;-322;-140;272;-304;-39;83;-93;234;-168
-337;-324;-139;267;-312;-39;83;-95;231;-167
-335;-325;-138;262;-320;-38;83;-97;227;-166
-333;-327;-138;256;-328;-37;82;-99;223;-164
-331;-328;-137;251;-336;-37;82;-101;219;-163
-329;-329;-136;245;-343;-36;81;-103;215;-162
-327;-330;-135;240;-351;-36;81;-104;211;-161
-324;-331;-135;234;-358;-35;80;-106;207;-159
-322;-332;-134;228;-366;-35;80;-108;203;-158
-319;-333;-133;222;-373;-34;79;-110;198;-157
-317;-334;-132;216;-381;-34;78;-112;194;-155
-314;-334;-132;209;-388;-34;78;-114;189;-154
-312;-335;-131;203;-395;-33;77;-116;184;-153
-309;-336;-130;196;-402;-33;76;-118;179;-151
-306;-336;-129;190;-409;-33;75;-120;174;-150
-303;-337;-128;183;-416;-33;74;-121;169;-148
-300;-337;-127;176;-423;-33;73;-123;164;-147
-297;-337;-127;169;-429;-32;71;-125;159;-146
-294;-337;-126;162;-436;-32;70;-127;153;-144
-291;-337;-125;155;-442;-32;69;-129;148;-143
-287;-337;-124;148;-449;-32;68;-131;142;-141
-284;-337;-123;141;-455;-32;66;-132;137;-140
-280;-337;-122;133;-461;-33;65;-134;131;-138
-277;-337;-121;126;-467;-33;63;-136;125;-137
-273;-336;-120;118;-473;-33;62;-138;119;-135
-270;-336;-119;111;-479;-33;60;-139;113;-134
-266;-335;-118;103;-484;-33;58;-141;107;-132
-262;-335;-117;95;-490;-34;56;-143;101;-131
-259;-334;-116;88;-495;-34;55;-145;95;-129
-255;-333;-115;80;-501;-34;53;-146;89;-128
-251;-333;-114;72;-506;-35;51;-148;82;-126
-247;-332;-113;64;-511;-35;49;-150;76;-125
-243;-331;-112;56;-516;-36;47;-151;70;-123
-239;-330;-111;48;-521;-36;45;-153;63;-122
-235;-328;-110;40;-525;-37;42;-154;57;-120
-230;-327;-109;31;-530;-38;40;-156;50;-119
-226;-326;-108;23;-534;-38;38;-157;43;-117
-222;-324;-107;15;-538;-39;36;-159;37;-116
-218;-323;-106;7;-542;-40;33;-160;30;-114
-213;-321;-105;-2;-546;-41;31;-162;23;-113
-209;-320;-104;-10;-550;-42;28;-163;16;-111
-204;-318;-103;-19;-554;-42;26;-165;9;-110
-200;-316;-102;-27;-557;-43;23;-166;2;-108
-195;-314;-101;-35;-561;-44;20;-168;-5;-106
-191;-313;-100;-44;-564;-45;18;-169;-12;-105
-186;-311;-99;-52;-567;-46;15;-170;-19;-103
-181;-308;-97;-61;-570;-48;12;-172;-26;-102
-177;-306;-96;-69;-573;-49;9;-173;-33;-100
-172;-304;-95;-78;-575;-50;7;-174;-40;-99
-167;-302;-94;-87;-578;-51;4;-175;-47;-97
-162;-299;-93;-95;-580;-52;1;-177;-54;-96
-158;-297;-92;-104;-582;-54;-2;-178;-61;-94
-153;-294;-91;-112;-584;-55;-5;-179;-69;-93
-148;-292;-90;-121;-586;-56;-9;-180;-76;-91
-143;-289;-88;-129;-587;-58;-12;-181;-83;-90
-138;-287;-87;-138;-589;-59;-15;-182;-90;-88
-133;-284;-86;-146;-590;-61;-18;-183;-97;-87
-128;-281;-85;-155;-591;-62;-21;-184;-104;-85
-123;-278;-84;-163;-592;-64;-25;-185;-112;-84
-118;-275;-83;-171;-593;-65;-28;-186;-119;-82
-113;-272;-82;-180;-594;-67;-31;-187;-126;-81
-108;-269;-81;-188;-594;-68;-35;-188;-133;-80
-103;-266;-79;-196;-594;-70;-38;-189;-140;-78
-98;-263;-78;-205;-594;-72;-42;-189;-147;-77
-93;-259;-77;-213;-594;-73;-45;-190;-154;-75
-88;-256;-76;-221;-594;-75;-49;-191;-161;-74
-83;-253;-75;-229;-594;-77;-52;-192;-169;-73
-78;-249;-74;-237;-593;-79;-56;-192;-176;-71
-73;-246;-73;-245;-592;-80;-59;-193;-183;-70
-68;-242;-72;-253;-592;-82;-63;-193;-189;-68
-63;-239;-71;-261;-590;-84;-67;-194;-196;-67
-58;-235;-69;-269;-589;-86;-70;-194;-203;-66
-53;-231;-68;-277;-588;-88;-74;-195;-210;-65
-47;-228;-67;-284;-586;-90;-78;-195;-217;-63
-42;-224;-66;-292;-584;-92;-82;-196;-224;-62
-37;-220;-65;-299;-583;-94;-85;-196;-230;-61
-32;-216;-64;-307;-580;-96;-89;-196;-237;-59
-27;-212;-63;-314;-578;-97;-93;-197;-244;-58
-22;-209;-62;-322;-576;-99;-97;-197;-250;-57
-17;-205;-61;-329;-573;-101;-101;-197;-257;-56
-12;-201;-60;-336;-570;-104;-104;-197;-263;-55
-7;-197;-59;-343;-568;-106;-108;-197;-269;-53
-2;-192;-58;-350;-564;-108;-112;-198;-276;-52
2;-188;-57;-357;-561;-110;-116;-198;-282;-51
7;-184;-56;-363;-558;-112;-120;-198;-288;-50
12;-180;-55;-370;-554;-114;-124;-198;-294;-49
17;-176;-54;-377;-550;-116;-128;-198;-300;-48
22;-172;-53;-383;-547;-118;-131;-197;-306;-47
27;-167;-52;-389;-543;-120;-135;-197;-312;-46
31;-163;-51;-396;-538;-122;-139;-197;-318;-45
36;-159;-50;-402;-534;-124;-143;-197;-323;-44
41;-154;-49;-408;-529;-126;-147;-197;-329;-43
45;-150;-48;-414;-525;-128;-151;-196;-335;-42
50;-146;-47;-420;-520;-131;-155;-196;-340;-41
54;-141;-46;-425;-515;-133;-159;-196;-345;-40
59;-137;-45;-431;-510;-135;-162;-195;-351;-39
63;-132;-44;-436;-505;-137;-166;-195;-356;-38
68;-128;-43;-441;-499;-139;-170;-194;-361;-37
72;-124;-42;-447;-494;-141;-174;-194;-366;-36
76;-119;-42;-452;-488;-143;-178;-193;-371;-35
81;-115;-41;-457;-482;-145;-182;-193;-375;-35
85;-110;-40;-461;-476;-147;-185;-192;-380;-34
89;-106;-39;-466;-470;-149;-189;-191;-385;-33
93;-101;-38;-470;-464;-151;-193;-191;-389;-32
97;-97;-38;-475;-457;-153;-197;-190;-393;-32
101;-92;-37;-479;-451;-155;-200;-189;-398;-31
105;-88;-36;-483;-444;-157;-204;-188;-402;-30
109;-83;-35;-487;-437;-159;-208;-187;-406;-29
113;-79;-35;-491;-430;-161;-211;-187;-410;-29
116;-74;-34;-494;-423;-163;-215;-186;-414;-28
120;-70;-33;-498;-416;-165;-219;-185;-417;-28
124;-66;-33;-501;-409;-167;-222;-184;-421;-27
127;-61;-32;-505;-402;-169;-226;-183;-424;-26
131;-57;-31;-508;-394;-171;-229;-182;-427;-26
134;-52;-31;-511;-387;-172;-233;-180;-431;-25
138;-48;-30;-513;-379;-174;-236;-179;-434;-25
141;-43;-30;-516;-371;-176;-240;-178;-437;-24
144;-39;-29;-518;-363;-178;-243;-177;-439;-24
147;-35;-29;-521;-355;-179;-246;-176;-442;-24
150;-30;-28;-523;-347;-181;-250;-174;-445;-23
153;-26;-28;-525;-339;-183;-253;-173;-447;-23
156;-22;-27;-527;-331;-184;-256;-172;-449;-22
159;-17;-27;-528;-322;-186;-259;-170;-452;-22
161;-13;-26;-530;-314;-187;-262;-169;-454;-22
164;-9;-26;-531;-305;-189;-265;-168;-456;-22
167;-5;-25;-533;-297;-190;-268;-166;-457;-21
169;-1;-25;-534;-288;-192;-271;-165;-459;-21
172;3;-25;-534;-279;-193;-274;-163;-461;-21
174;8;-24;-535;-270;-195;-277;-162;-462;-21
176;12;-24;-536;-262;-196;-280;-160;-463;-20
178;16;-24;-536;-253;-197;-283;-158;-464;-20
180;20;-24;-537;-244;-199;-285;-157;-465;-20
182;24;-23;-537;-234;-200;-288;-155;-466;-20
184;27;-23;-537;-225;-201;-291;-153;-467;-20
186;31;-23;-536;-216;-202;-293;-152;-468;-20
187;35;-23;-536;-207;-203;-296;-150;-468;-20
189;39;-23;-536;-198;-204;-298;-148;-468;-20
191;43;-23;-535;-188;-205;-300;-146;-468;-20
192;46;-23;-534;-179;-206;-303;-145;-469;-20
193;50;-23;-533;-170;-207;-305;-143;-468;-20
194;54;-23;-532;-160;-208;-307;-141;-468;-20
196;57;-23;-531;-151;-208;-309;-139;-468;-20
197;61;-23;-529;-141;-209;-311;-137;-467;-20
198;64;-23;-528;-132;-210;-313;-135;-467;-20
198;68;-23;-526;-122;-211;-315;-133;-466;-21
199;71;-23;-524;-113;-211;-317;-131;-465;-21
200;74;-23;-522;-103;-212;-319;-129;-464;-21
200;77;-23;-520;-93;-212;-321;-127;-463;-21
201;81;-23;-518;-84;-213;-322;-125;-462;-21
201;84;-23;-515;-74;-213;-324;-123;-460;-22
201;87;-24;-512;-65;-213;-325;-121;-459;-22
201;90;-24;-510;-55;-213;-327;-119;-457;-22
201;93;-24;-507;-46;-214;-328;-117;-455;-23
201;96;-24;-504;-36;-214;-329;-115;-453;-23
201;98;-25;-500;-27;-214;-330;-113;-451;-23
201;101;-25;-497;-17;-214;-332;-111;-449;-24
200;104;-25;-494;-8;-214;-333;-109;-447;-24
200;106;-26;-490;2;-214;-334;-107;-444;-24
199;109;-26;-486;11;-214;-334;-105;-442;-25
199;111;-27;-482;21;-214;-335;-102;-439;-25
198;114;-27;-478;30;-213;-336;-100;-436;-26
197;116;-28;-474;39;-213;-337;-98;-434;-26
196;118;-28;-470;49;-213;-337;-96;-430;-27
195;121;-29;-465;58;-212;-338;-94;-427;-27
194;123;-29;-461;67;-212;-338;-92;-424;-28
193;125;-30;-456;76;-211;-338;-89;-421;-29
191;127;-30;-451;85;-211;-339;-87;-417;-29
190;129;-31;-447;94;-210;-339;-85;-414;-30
188;131;-32;-442;103;-209;-339;-83;-410;-30
187;132;-32;-436;112;-208;-339;-81;-406;-31
185;134;-33;-431;121;-208;-339;-78;-402;-32
183;136;-34;-426;130;-207;-339;-76;-398;-32
181;137;-35;-420;139;-206;-338;-74;-394;-33
179;139;-36;-415;147;-205;-338;-72;-390;-34
177;140;-36;-409;156;-204;-338;-70;-385;-34
174;141;-37;-403;164;-203;-337;-67;-381;-35
172;142;-38;-397;173;-201;-337;-65;-376;-36
170;144;-39;-391;181;-200;-336;-63;-372;-37
167;145;-40;-385;189;-199;-335;-61;-367;-37
164;146;-41;-379;197;-198;-334;-59;-362;-38
162;147;-42;-373;205;-196;-333;-57;-357;-39
159;147;-43;-366;213;-195;-332;-54;-352;-40
156;148;-44;-360;221;-193;-331;-52;-347;-41
153;149;-45;-353;228;-192;-330;-50;-342;-42
150;149;-46;-347;236;-190;-329;-48;-336;-42
147;150;-47;-340;243;-188;-328;-46;-331;-43
143;150;-48;-333;251;-187;-326;-44;-326;-44
140;151;-49;-326;258;-185;-325;-42;-320;-45
137;151;-50;-319;265;-183;-323;-40;-314;-46
133;151;-51;-312;272;-181;-321;-38;-309;-47
129;151;-52;-305;279;-179;-320;-36;-303;-48
126;151;-54;-298;286;-177;-318;-34;-297;-49
122;151;-55;-291;292;-175;-316;-32;-291;-50
118;151;-56;-284;299;-173;-314;-30;-285;-51
114;151;-57;-276;305;-171;-312;-28;-279;-52
110;150;-59;-269;311;-169;-310;-26;-273;-53
106;150;-60;-261;317;-167;-307;-24;-267;-54
102;150;-61;-254;323;-165;-305;-22;-261;-55
98;149;-63;-246;329;-162;-303;-20;-255;-56
93;148;-64;-239;334;-160;-300;-18;-249;-57
89;148;-65;-231;340;-158;-298;-16;-242;-58
84;147;-67;-223;345;-155;-295;-14;-236;-59
80;146;-68;-216;350;-153;-292;-13;-229;-60
75;145;-69;-208;355;-150;-289;-11;-223;-61
71;144;-71;-200;360;-148;-287;-9;-216;-62
66;143;-72;-193;365;-145;-284;-7;-210;-63
61;142;-74;-185;369;-143;-281;-6;-203;-64
56;140;-75;-177;374;-140;-278;-4;-197;-65
51;139;-77;-169;378;-137;-274;-2;-190;-66
46;138;-78;-161;382;-135;-271;-1;-183;-67
41;136;-80;-153;386;-132;-268;1;-177;-68
36;135;-81;-145;390;-129;-265;2;-170;-69
31;133;-83;-138;393;-126;-261;4;-163;-71
26;131;-84;-130;397;-124;-258;5;-156;-72
20;129;-86;-122;400;-121;-254;7;-150;-73
15;127;-87;-114;403;-118;-250;8;-143;-74
10;125;-89;-106;406;-115;-247;9;-136;-75
4;123;-90;-98;408;-112;-243;11;-129;-76
-1;121;-92;-90;411;-109;-239;12;-123;-77
-7;119;-93;-82;413;-106;-235;13;-116;-78
-12;117;-95;-75;415;-103;-231;14;-109;-79
-18;115;-97;-67;417;-100;-227;16;-102;-81
-23;112;-98;-59;419;-97;-223;17;-95;-82
-29;110;-100;-51;421;-94;-219;18;-89;-83
-35;107;-101;-43;422;-91;-215;19;-82;-84
-40;105;-103;-36;423;-88;-211;20;-75;-85
-46;102;-105;-28;424;-85;-207;21;-68;-86
-52;99;-106;-20;425;-82;-202;22;-62;-87
-58;96;-108;-13;426;-79;-198;23;-55;-88
-63;94;-110;-5;427;-76;-193;24;-48;-90
-69;91;-111;2;427;-73;-189;25;-42;-91
-75;88;-113;10;427;-70;-185;25;-35;-92
-81;85;-114;17;427;-67;-180;26;-28;-93
-87;81;-116;25;427;-63;-175;27;-22;-94
-93;78;-118;32;427;-60;-171;27;-15;-95
-99;75;-119;39;426;-57;-166;28;-9;-96
-105;72;-121;46;425;-54;-161;29;-2;-98
-111;68;-123;54;424;-51;-157;29;4;-99
-117;65;-124;61;423;-48;-152;30;11;-100
-122;62;-126;68;422;-45;-147;30;17;-101
-128;58;-127;75;420;-42;-142;30;23;-102
-134;54;-129;82;419;-39;-137;31;29;-103
-140;51;-131;88;417;-36;-132;31;36;-104
-146;47;-132;95;415;-33;-128;31;42;-105
-152;43;-134;102;413;-30;-123;31;48;-106
-158;40;-135;108;410;-27;-118;32;54;-107
-164;36;-137;115;408;-24;-113;32;60;-109
-170;32;-139;121;405;-21;-108;32;66;-110
-176;28;-140;128;402;-18;-103;32;71;-111
-182;24;-142;134;399;-15;-98;32;77;-112
-188;20;-143;140;396;-12;-93;32;83;-113
-194;16;-145;146;393;-10;-87;31;89;-114
-199;12;-146;152;389;-7;-82;31;94;-115
-205;8;-148;158;385;-4;-77;31;100;-116
-211;4;-149;164;381;-1;-72;31;105;-117
-217;0;-151;169;377;1;-67;30;110;-118
-222;-4;-152;175;373;4;-62;30;115;-119
-228;-9;-154;180;369;7;-57;30;121;-120
-234;-13;-155;186;364;9;-52;29;126;-121
-239;-17;-157;191;359;12;-47;29;131;-122
-245;-22;-158;196;354;14;-41;28;135;-123
-250;-26;-159;201;349;17;-36;28;140;-124
-256;-30;-161;206;344;19;-31;27;145;-125
-261;-35;-162;211;339;22;-26;26;150;-126
-267;-39;-164;216;333;24;-21;25;154;-127
-272;-44;-165;220;328;26;-16;25;158;-128
-277;-48;-166;225;322;29;-11;24;163;-129
-283;-52;-167;229;316;31;-6;23;167;-130
-288;-57;-169;233;310;33;-1;22;171;-131
-293;-62;-170;237;304;35;4;21;175;-132
-298;-66;-171;241;297;37;9;20;179;-133
-303;-71;-172;245;291;39;14;19;183;-134
-308;-75;-174;249;284;41;19;18;187;-135
-313;-80;-175;252;277;43;24;16;190;-135
-318;-84;-176;256;271;45;29;15;194;-136
-323;-89;-177;259;264;47;34;14;197;-137
-327;-94;-178;262;256;48;38;13;200;-138
-332;-98;-179;265;249;50;43;11;203;-139
-337;-103;-180;268;242;52;48;10;206;-140
-341;-107;-181;271;234;53;53;8;209;-141
-346;-112;-182;274;227;55;57;7;212;-141
-350;-117;-183;276;219;56;62;5;215;-142
-354;-121;-184;279;211;57;67;4;217;-143
-358;-126;-185;281;203;59;71;2;220;-144
-362;-130;-186;283;195;60;76;0;222;-145
-367;-135;-187;285;187;61;80;-1;224;-145
-370;-140;-188;287;179;62;84;-3;226;-146
-374;-144;-189;289;171;63;89;-5;228;-147
-378;-149;-189;290;162;64;93;-7;230;-147
-382;-153;-190;292;154;65;97;-9;232;-148
-385;-158;-191;293;145;66;101;-10;234;-149
-389;-162;-191;294;136;67;106;-12;235;-150
-392;-167;-192;295;128;67;110;-14;236;-150
-396;-171;-193;296;119;68;114;-16;238;-151
-399;-176;-193;297;110;68;118;-18;239;-152
-402;-180;-194;297;101;69;122;-21;240;-152
-405;-185;-194;298;92;69;125;-23;241;-153
-408;-189;-195;298;83;69;129;-25;241;-153
-411;-193;-195;298;74;70;133;-27;242;-154
-413;-198;-196;298;65;70;136;-29;243;-155
-416;-202;-196;298;56;70;140;-32;243;-155
-419;-206;-197;298;46;70;143;-34;243;-156
-421;-211;-197;298;37;70;147;-36;243;-156
-423;-215;-197;297;28;69;150;-39;243;-157
-425;-219;-198;297;18;69;153;-41;243;-157
-428;-223;-198;296;9;69;156;-43;243;-158
-430;-227;-198;295;-1;68;160;-46;243;-158
-431;-231;-198;294;-10;68;163;-48;242;-159
-433;-235;-198;293;-20;67;165;-51;241;-159
-435;-239;-198;291;-29;67;168;-53;241;-160
-436;-243;-199;290;-39;66;171;-56;240;-160
-438;-247;-199;288;-48;65;174;-58;239;-161
-439;-251;-199;287;-58;64;176;-61;238;-161
-440;-255;-199;285;-68;63;179;-64;237;-162
-441;-259;-198;283;-77;62;181;-66;235;-162
-442;-262;-198;281;-87;61;183;-69;234;-162
-443;-266;-198;278;-96;60;186;-72;232;-163
-444;-270;-198;276;-106;59;188;-74;230;-163
-445;-273;-198;274;-116;57;190;-77;229;-163
-445;-277;-198;271;-125;56;192;-80;227;-164
-446;-280;-197;268;-135;54;194;-82;225;-164
-446;-284;-197;265;-144;53;195;-85;223;-164
-446;-287;-197;262;-154;51;197;-88;220;-165
-446;-291;-196;259;-163;50;199;-91;218;-165
-446;-294;-196;256;-173;48;200;-94;215;-165
-446;-297;-195;253;-182;46;201;-96;213;-165
-445;-300;-195;249;-192;44;203;-99;210;-166
-445;-303;-194;246;-201;42;204;-102;207;-166
-445;-306;-194;242;-210;40;205;-105;204;-166
-444;-309;-193;238;-219;38;206;-108;201;-166
-443;-312;-193;234;-229;35;207;-111;198;-166
-442;-315;-192;230;-238;33;207;-113;195;-166
-441;-318;-191;226;-247;31;208;-116;191;-167
-440;-320;-191;222;-256;28;208;-119;188;-167
-439;-323;-190;218;-265;26;209;-122;184;-167
-437;-326;-189;213;-274;23;209;-125;181;-167
-436;-328;-188;209;-283;20;209;-128;177;-167
-434;-331;-187;204;-292;18;210;-130;173;-167
-433;-333;-186;199;-300;15;210;-133;169;-167
-431;-335;-185;194;-309;12;209;-136;165;-167
-429;-337;-184;189;-317;9;209;-139;161;-167
-427;-340;-183;184;-326;6;209;-142;157;-167
-425;-342;-182;179;-334;3;208;-145;153;-167
-422;-344;-181;174;-343;0;208;-148;148;-167
-420;-346;-180;169;-351;-3;207;-150;144;-167
-417;-347;-179;163;-359;-6;207;-153;139;-167
-415;-349;-178;158;-367;-9;206;-156;135;-167
-412;-351;-177;152;-375;-13;205;-159;130;-167
-409;-352;-176;147;-383;-16;204;-161;125;-167
-406;-354;-174;141;-390;-20;202;-164;120;-167
-403;-355;-173;135;-398;-23;201;-167;115;-167
-400;-357;-172;130;-405;-26;200;-170;110;-167
-397;-358;-171;124;-413;-30;198;-172;105;-166
-393;-359;-169;118;-420;-34;197;-175;100;-166
-390;-360;-168;112;-427;-37;195;-178;95;-166
-386;-362;-166;106;-434;-41;193;-180;90;-166
-382;-363;-165;100;-441;-45;191;-183;84;-166
-378;-363;-163;93;-448;-49;189;-186;79;-166
-375;-364;-162;87;-454;-52;187;-188;73;-165
-371;-365;-160;81;-461;-56;185;-191;68;-165
-366;-366;-159;74;-467;-60;183;-193;62;-165
-362;-366;-157;68;-473;-64;180;-196;57;-165
-358;-367;-156;62;-480;-68;178;-198;51;-164
-354;-367;-154;55;-486;-72;175;-201;45;-164
-349;-367;-153;48;-491;-76;172;-203;40;-164
-344;-368;-151;42;-497;-80;169;-205;34;-163
-340;-368;-149;35;-503;-84;166;-208;28;-163
-335;-368;-148;29;-508;-88;163;-210;22;-163
-330;-368;-146;22;-513;-92;160;-212;16;-162
-325;-368;-144;15;-518;-96;157;-215;10;-162
-320;-368;-142;8;-523;-100;154;-217;5;-162
-315;-367;-141;2;-528;-105;150;-219;-1;-161
-310;-367;-139;-5;-533;-109;147;-221;-7;-161
-305;-366;-137;-12;-537;-113;143;-223;-14;-160
-299;-366;-135;-19;-542;-117;139;-225;-20;-160
-294;-365;-133;-26;-546;-121;136;-227;-26;-160
-289;-365;-131;-32;-550;-126;132;-229;-32;-159
-283;-364;-130;-39;-554;-130;128;-231;-38;-159
-277;-363;-128;-46;-557;-134;124;-233;-44;-158
-272;-362;-126;-53;-561;-138;119;-235;-50;-158
-266;-361;-124;-60;-564;-143;115;-237;-56;-157
-260;-360;-122;-67;-567;-147;111;-238;-62;-157
-254;-359;-120;-74;-570;-151;106;-240;-69;-156
-248;-358;-118;-81;-573;-155;102;-242;-75;-155
-242;-356;-116;-88;-576;-159;97;-243;-81;-155
-236;-355;-114;-94;-578;-164;93;-245;-87;-154
-230;-353;-112;-101;-581;-168;88;-247;-93;-154
-224;-352;-110;-108;-583;-172;83;-248;-99;-153
-218;-350;-108;-115;-585;-176;78;-249;-105;-153
-211;-348;-106;-122;-587;-180;73;-251;-112;-152
-205;-346;-104;-129;-589;-185;68;-252;-118;-151
-199;-344;-102;-135;-590;-189;63;-253;-124;-151
-192;-342;-100;-142;-592;-193;58;-255;-130;-150
-186;-340;-98;-149;-593;-197;53;-256;-136;-149
-179;-338;-96;-155;-594;-201;48;-257;-142;-149
-173;-336;-94;-162;-595;-205;42;-258;-148;-148
-166;-334;-92;-169;-595;-209;37;-259;-154;-147
-160;-331;-90;-175;-596;-213;32;-260;-160;-147
-153;-329;-88;-182;-596;-217;26;-261;-166;-146
-147;-326;-86;-188;-596;-221;21;-262;-172;-145
-140;-324;-84;-195;-596;-224;15;-262;-177;-144
-133;-321;-82;-201;-596;-228;9;-263;-183;-144
-126;-318;-80;-208;-596;-232;4;-264;-189;-143
-120;-315;-78;-214;-595;-236;-2;-264;-195;-142
-113;-313;-76;-220;-594;-239;-8;-265;-200;-141
-106;-310;-74;-226;-593;-243;-14;-265;-206;-140
-100;-307;-72;-233;-592;-247;-20;-266;-212;-140
-93;-304;-70;-239;-591;-250;-26;-266;-217;-139
-86;-300;-68;-245;-590;-254;-32;-266;-223;-138
-79;-297;-66;-251;-588;-257;-38;-267;-228;-137
-72;-294;-64;-257;-587;-260;-44;-267;-233;-136
-66;-290;-62;-263;-585;-264;-50;-267;-239;-135
-59;-287;-60;-268;-583;-267;-56;-267;-244;-134
-52;-284;-58;-274;-580;-270;-62;-267;-249;-134
-45;-280;-56;-280;-578;-273;-68;-267;-254;-133
-39;-276;-54;-285;-576;-276;-74;-267;-259;-132
-32;-273;-52;-291;-573;-279;-80;-267;-264;-131
-25;-269;-50;-296;-570;-282;-87;-266;-269;-130
-18;-265;-48;-302;-567;-285;-93;-266;-274;-129
-12;-261;-47;-307;-564;-288;-99;-266;-279;-128
-5;-258;-45;-312;-561;-291;-105;-265;-283;-127
2;-254;-43;-317;-557;-293;-112;-265;-288;-126
8;-250;-41;-322;-554;-296;-118;-264;-293;-125
15;-245;-39;-327;-550;-299;-124;-264;-297;-124
21;-241;-38;-332;-546;-301;-130;-263;-302;-123
28;-237;-36;-337;-542;-303;-137;-262;-306;-122
34;-233;-34;-341;-538;-306;-143;-261;-310;-121
41;-229;-32;-346;-533;-308;-149;-261;-314;-120
47;-224;-31;-350;-529;-310;-156;-260;-318;-119
54;-220;-29;-355;-524;-312;-162;-259;-322;-118
60;-216;-27;-359;-519;-314;-168;-258;-326;-117
66;-211;-26;-363;-514;-316;-174;-257;-330;-116
72;-207;-24;-367;-509;-318;-181;-255;-334;-115
78;-202;-22;-371;-504;-319;-187;-254;-337;-114
85;-198;-21;-375;-499;-321;-193;-253;-341;-113
91;-193;-19;-379;-494;-323;-199;-252;-344;-112
97;-189;-18;-383;-488;-324;-205;-250;-348;-111
103;-184;-16;-386;-482;-325;-211;-249;-351;-110
108;-179;-15;-390;-477;-327;-218;-247;-354;-109
114;-175;-14;-393;-471;-328;-224;-246;-357;-108
120;-170;-12;-397;-465;-329;-230;-244;-360;-107
126;-165;-11;-400;-458;-330;-236;-242;-363;-106
131;-160;-9;-403;-452;-331;-242;-241;-365;-104
137;-155;-8;-406;-446;-331;-248;-239;-368;-103
142;-151;-7;-409;-439;-332;-253;-237;-371;-102
148;-146;-6;-411;-433;-333;-259;-235;-373;-101
153;-141;-4;-414;-426;-333;-265;-233;-375;-100
158;-136;-3;-416;-419;-334;-271;-231;-377;-99
163;-131;-2;-419;-412;-334;-276;-229;-380;-98
168;-126;-1;-421;-405;-334;-282;-227;-382;-97
173;-121;0;-423;-398;-334;-288;-225;-383;-96
178;-116;1;-425;-391;-334;-293;-223;-385;-94
183;-111;2;-427;-384;-334;-299;-220;-387;-93
188;-106;3;-429;-377;-334;-304;-218;-388;-92
192;-101;4;-431;-369;-334;-310;-216;-390;-91
197;-96;5;-432;-362;-333;-315;-213;-391;-90
201;-91;6;-434;-354;-333;-320;-211;-393;-89
206;-86;7;-435;-346;-332;-325;-208;-394;-88
210;-81;8;-436;-339;-332;-330;-206;-395;-87
214;-76;8;-437;-331;-331;-335;-203;-396;-85
218;-71;9;-438;-323;-330;-340;-201;-396;-84
222;-66;10;-439;-315;-329;-345;-198;-397;-83
226;-61;10;-440;-307;-328;-350;-195;-398;-82
230;-56;11;-441;-299;-327;-355;-193;-398;-81
233;-51;12;-441;-291;-325;-359;-190;-398;-80
237;-46;12;-442;-283;-324;-364;-187;-399;-79
240;-41;13;-442;-275;-322;-368;-184;-399;-77
243;-36;13;-442;-266;-321;-373;-181;-399;-76
247;-31;13;-442;-258;-319;-377;-178;-399;-75
250;-26;14;-442;-250;-317;-381;-175;-399;-74
253;-21;14;-442;-242;-316;-385;-172;-398;-73
255;-16;14;-442;-233;-314;-389;-169;-398;-72
258;-11;15;-441;-225;-311;-393;-166;-397;-71
261;-7;15;-441;-216;-309;-397;-163;-397;-70
263;-2;15;-440;-208;-307;-401;-160;-396;-68
265;3;15;-439;-199;-305;-405;-157;-395;-67
268;8;15;-439;-191;-302;-408;-154;-394;-66
270;13;15;-438;-182;-300;-412;-150;-393;-65
272;17;16;-437;-174;-297;-415;-147;-392;-64
274;22;15;-435;-165;-294;-418;-144;-391;-63
275;27;15;-434;-157;-291;-421;-141;-389;-62
277;32;15;-433;-148;-289;-424;-137;-388;-61
278;36;15;-431;-140;-286;-427;-134;-386;-60
280;41;15;-429;-131;-282;-430;-131;-384;-59
281;45;15;-428;-123;-279;-433;-127;-383;-57
282;50;15;-426;-114;-276;-435;-124;-381;-56
283;54;14;-424;-106;-273;-438;-121;-379;-55
284;59;14;-422;-97;-269;-440;-117;-377;-54
284;63;14;-420;-89;-266;-442;-114;-374;-53
285;67;13;-417;-80;-262;-445;-110;-372;-52
286;72;13;-415;-72;-258;-447;-107;-370;-51
286;76;12;-412;-63;-255;-448;-103;-367;-50
286;80;12;-410;-55;-251;-450;-100;-365;-49
286;84;11;-407;-46;-247;-452;-97;-362;-48
286;88;10;-404;-38;-243;-453;-93;-359;-47
286;93;10;-401;-30;-239;-455;-90;-356;-46
285;97;9;-398;-22;-235;-456;-86;-353;-45
285;100;8;-395;-13;-231;-457;-83;-350;-44
284;104;8;-392;-5;-226;-458;-79;-347;-43
284;108;7;-389;3;-222;-459;-76;-344;-42
283;112;6;-386;11;-218;-460;-72;-341;-41
282;116;5;-382;19;-213;-461;-69;-337;-40
281;119;4;-379;27;-209;-461;-65;-334;-40
280;123;3;-375;35;-204;-462;-62;-330;-39
278;126;2;-371;43;-199;-462;-59;-327;-38
277;130;1;-368;50;-195;-462;-55;-323;-37
275;133;0;-364;58;-190;-463;-52;-319;-36
273;137;-1;-360;66;-185;-462;-48;-316;-35
271;140;-2;-356;73;-180;-462;-45;-312;-34
269;143;-3;-352;81;-175;-462;-42;-308;-34
267;146;-4;-347;88;-170;-462;-38;-304;-33
265;149;-6;-343;96;-165;-461;-35;-300;-32
263;152;-7;-339;103;-160;-460;-32;-295;-31
260;155;-8;-334;110;-155;-460;-28;-291;-30
258;158;-9;-330;117;-150;-459;-25;-287;-30
255;161;-11;-325;124;-145;-458;-22;-282;-29
252;163;-12;-321;131;-140;-456;-19;-278;-28
249;166;-14;-316;138;-135;-455;-15;-274;-27
246;168;-15;-311;145;-129;-454;-12;-269;-27
243;171;-17;-306;151;-124;-452;-9;-264;-26
239;173;-18;-302;158;-119;-450;-6;-260;-25
236;175;-20;-297;164;-113;-449;-3;-255;-25
232;178;-21;-292;171;-108;-447;0;-250;-24
229;180;-23;-287;177;-103;-445;3;-246;-24
225;182;-24;-281;183;-97;-443;6;-241;-23
221;184;-26;-276;189;-92;-440;9;-236;-22
217;185;-28;-271;195;-86;-438;12;-231;-22
213;187;-29;-266;201;-81;-435;15;-226;-21
208;189;-31;-261;206;-75;-433;18;-221;-21
204;191;-33;-255;212;-70;-430;21;-216;-20
200;192;-35;-250;217;-64;-427;23;-211;-20
195;193;-36;-245;223;-59;-424;26;-206;-19
191;195;-38;-239;228;-53;-421;29;-201;-19
186;196;-40;-234;233;-48;-418;31;-196;-18
181;197;-42;-228;238;-42;-414;34;-190;-18
176;198;-44;-223;243;-37;-411;36;-185;-18
171;199;-46;-217;248;-32;-407;39;-180;-17
166;200;-47;-211;252;-26;-404;41;-175;-17
161;201;-49;-206;257;-21;-400;44;-169;-17
155;202;-51;-200;261;-15;-396;46;-164;-16
150;202;-53;-194;265;-10;-392;48;-159;-16
144;203;-55;-189;269;-4;-388;51;-154;-16
139;203;-57;-183;273;1;-384;53;-148;-16
133;203;-59;-177;277;6;-380;55;-143;-15
127;204;-61;-171;281;12;-375;57;-138;-15
122;204;-63;-166;284;17;-371;59;-132;-15
116;204;-65;-160;288;22;-366;61;-127;-15
110;204;-67;-154;291;27;-361;63;-122;-15
104;204;-69;-148;294;33;-357;65;-116;-15
98;203;-72;-143;297;38;-352;67;-111;-15
92;203;-74;-137;300;43;-347;68;-106;-15
85;203;-76;-131;303;48;-342;70;-101;-15
79;202;-78;-125;306;53;-337;72;-95;-15
73;201;-80;-119;308;58;-331;73;-90;-15
66;201;-82;-114;310;63;-326;75;-85;-15
60;200;-84;-108;313;68;-321;76;-80;-15
53;199;-86;-102;315;73;-315;77;-74;-15
47;198;-88;-96;317;78;-310;79;-69;-15
40;197;-90;-91;318;82;-304;80;-64;-15
33;196;-93;-85;320;87;-298;81;-59;-15
27;194;-95;-79;321;92;-292;82;-54;-15
20;193;-97;-73;323;96;-287;83;-49;-15
13;192;-99;-68;324;101;-281;84;-44;-16
6;190;-101;-62;325;105;-275;85;-38;-16
-1;188;-103;-56;326;109;-269;86;-33;-16
-8;187;-105;-51;327;114;-263;87;-29;-17
-15;185;-107;-45;327;118;-256;87;-24;-17
-22;183;-109;-40;328;122;-250;88;-19;-17
-29;181;-112;-34;328;126;-244;89;-14;-18
-36;179;-114;-29;328;130;-237;89;-9;-18
-43;177;-116;-23;328;134;-231;89;-4;-18
-50;174;-118;-18;328;138;-225;90;0;-19
-57;172;-120;-13;328;142;-218;90;5;-19
-64;170;-122;-7;328;145;-211;90;10;-20
-71;167;-124;-2;327;149;-205;90;14;-20
-78;164;-126;3;327;152;-198;91;19;-21
-85;162;-128;8;326;156;-192;91;23;-21
-93;159;-130;14;325;159;-185;90;28;-22
-100;156;-132;19;324;162;-178;90;32;-23
-107;153;-134;24;323;166;-171;90;36;-23
-114;150;-136;29;321;169;-165;90;41;-24
-121;147;-138;34;320;172;-158;89;45;-25
-128;144;-140;39;318;174;-151;89;49;-25
-136;140;-142;43;317;177;-144;89;53;-26
-143;137;-144;48;315;180;-137;88;57;-27
-150;134;-146;53;313;182;-130;87;61;-28
-157;130;-148;58;311;185;-123;87;65;-28
-164;126;-150;62;308;187;-116;86;68;-29
-171;123;-151;67;306;189;-109;85;72;-30
-178;119;-153;71;304;191;-102;84;76;-31
-185;115;-155;75;301;193;-95;83;79;-32
-192;111;-157;80;298;195;-88;82;83;-33
-199;107;-159;84;295;197;-81;81;86;-34
-206;103;-160;88;292;199;-74;80;90;-35
-213;99;-162;92;289;201;-67;79;93;-36
-220;95;-164;96;286;202;-60;77;96;-37
-226;91;-165;100;283;203;-53;76;99;-38
-233;87;-167;104;279;205;-46;74;102;-39
-240;82;-169;108;276;206;-39;73;105;-40
-247;78;-170;112;272;207;-33;71;108;-41
-253;73;-172;115;268;208;-26;70;111;-42
-260;69;-173;119;264;208;-19;68;113;-43
-266;64;-175;122;260;209;-12;66;116;-44
-273;60;-176;126;256;210;-5;64;118;-45
-279;55;-178;129;252;210;2;62;121;-47
-285;50;-179;132;248;210;9;60;123;-48
-292;45;-181;136;243;211;15;58;125;-49
-298;41;-182;139;239;211;22;56;128;-50
-304;36;-183;142;234;211;29;54;130;-52
-310;31;-185;145;229;211;35;52;132;-53
-316;26;-186;147;224;210;42;50;134;-54
-322;21;-187;150;219;210;49;47;135;-56
-328;16;-188;153;214;209;55;45;137;-57
-334;10;-189;155;209;209;61;43;139;-58
-339;5;-191;158;204;208;68;40;140;-60
-345;0;-192;160;199;207;74;38;142;-61
-351;-5;-193;162;194;206;81;35;143;-62
-356;-10;-194;164;188;205;87;32;144;-64
-361;-16;-195;167;183;204;93;30;145;-65
-367;-21;-196;169;177;203;99;27;146;-67
-372;-26;-197;170;171;201;105;24;147;-68
-377;-32;-198;172;166;200;111;21;148;-70
-382;-37;-198;174;160;198;117;19;149;-71
-387;-43;-199;176;154;196;123;16;150;-73
-392;-48;-200;177;148;194;129;13;150;-74
-396;-54;-201;178;142;192;134;10;151;-76
-401;-59;-201;180;136;190;140;7;151;-77
-405;-65;-202;181;130;188;145;4;152;-79
-410;-70;-203;182;124;185;151;0;152;-80
-414;-76;-203;183;117;183;156;-3;152;-82
-418;-81;-204;184;111;180;162;-6;152;-83
-422;-87;-204;185;105;178;167;-9;152;-85
-426;-93;-205;186;98;175;172;-12;152;-87
-430;-98;-205;186;92;172;177;-16;152;-88
-434;-104;-206;187;85;169;182;-19;151;-90
-438;-109;-206;187;79;166;187;-22;151;-92
-441;-115;-206;188;72;163;191;-26;150;-93
-445;-121;-207;188;66;159;196;-29;150;-95
-448;-126;-207;188;59;156;201;-33;149;-96
-451;-132;-207;188;52;152;205;-36;148;-98
-454;-137;-207;188;46;149;209;-40;147;-100
-457;-143;-208;188;39;145;214;-43;146;-101
-460;-149;-208;188;32;141;218;-47;145;-103
-463;-154;-208;187;25;137;222;-50;144;-105
-465;-160;-208;187;18;133;226;-54;143;-106
-468;-165;-208;186;12;129;230;-57;141;-108
-470;-171;-208;186;5;125;233;-61;140;-110
-472;-176;-207;185;-2;120;237;-65;139;-111
-474;-182;-207;184;-9;116;240;-68;137;-113
-476;-187;-207;183;-16;111;244;-72;135;-115
-478;-193;-207;182;-23;107;247;-75;134;-116
-480;-198;-207;181;-30;102;250;-79;132;-118
-481;-204;-206;180;-37;97;253;-83;130;-120
-483;-209;-206;179;-44;92;256;-86;128;-122
-484;-214;-206;177;-50;88;259;-90;126;-123
-485;-220;-205;176;-57;83;261;-94;124;-125
-486;-225;-205;174;-64;77;264;-98;121;-127
-487;-230;-204;173;-71;72;266;-101;119;-128
-488;-235;-204;171;-78;67;269;-105;117;-130
-489;-241;-203;169;-85;62;271;-109;114;-132
-489;-246;-203;167;-92;56;273;-112;112;-133
-490;-251;-202;165;-99;51;275;-116;109;-135
-490;-256;-201;163;-106;46;277;-120;106;-136
-490;-261;-201;161;-112;40;278;-123;104;-138
-490;-266;-200;159;-119;34;280;-127;101;-140
-490;-271;-199;157;-126;29;281;-130;98;-141
-490;-276;-198;154;-133;23;282;-134;95;-143
-490;-280;-198;152;-139;17;284;-138;92;-144
-489;-285;-197;149;-146;11;285;-141;89;-146
-488;-290;-196;147;-153;6;285;-145;86;-148
-488;-294;-195;144;-159;0;286;-148;83;-149
-487;-299;-194;141;-166;-6;287;-152;79;-151
-486;-304;-193;138;-173;-12;287;-155;76;-152
-485;-308;-192;135;-179;-18;288;-159;73;-154
-483;-312;-191;132;-186;-25;288;-162;69;-155
-482;-317;-190;129;-192;-31;288;-166;66;-157
-480;-321;-189;126;-198;-37;288;-169;62;-158
-479;-325;-187;123;-205;-43;288;-172;59;-160
-477;-329;-186;120;-211;-49;288;-176;55;-161
-475;-333;-185;116;-217;-56;287;-179;51;-163
-473;-337;-184;113;-223;-62;287;-182;48;-164
-471;-341;-182;109;-229;-68;286;-186;44;-165
-469;-345;-181;106;-236;-74;285;-189;40;-167
-466;-349;-180;102;-242;-81;284;-192;36;-168
-464;-353;-178;99;-248;-87;283;-195;32;-170
-461;-356;-177;95;-253;-94;282;-198;29;-171
-458;-360;-176;91;-259;-100;280;-201;25;-172
-455;-363;-174;87;-265;-106;279;-204;21;-173
-452;-367;-173;84;-271;-113;277;-207;17;-175
-449;-370;-171;80;-276;-119;276;-210;13;-176
-446;-373;-170;76;-282;-125;274;-213;8;-177
-443;-376;-168;72;-287;-132;272;-216;4;-178
-439;-379;-167;68;-293;-138;270;-219;0;-180
-436;-382;-165;63;-298;-145;268;-222;-4;-181
-432;-385;-163;59;-303;-151;265;-224;-8;-182
-428;-388;-162;55;-309;-157;263;-227;-12;-183
-424;-390;-160;51;-314;-164;260;-229;-17;-184
-420;-393;-158;47;-319;-170;257;-232;-21;-185
-416;-396;-157;42;-324;-176;255;-235;-25;-186
-412;-398;-155;38;-329;-183;252;-237;-29;-187
-408;-400;-153;33;-333;-189;249;-239;-34;-188
-403;-402;-152;29;-338;-195;245;-242;-38;-189
-399;-405;-150;25;-343;-201;242;-244;-42;-190
-394;-407;-148;20;-347;-207;239;-246;-47;-191
-389;-409;-146;16;-352;-214;235;-248;-51;-192
-384;-410;-144;11;-356;-220;231;-250;-55;-192
-380;-412;-143;6;-360;-226;228;-252;-60;-193
-375;-414;-141;2;-364;-232;224;-254;-64;-194
-369;-415;-139;-3;-368;-238;220;-256;-68;-195
-364;-417;-137;-7;-372;-244;216;-258;-73;-196
-359;-418;-135;-12;-376;-250;212;-260;-77;-196
-354;-419;-133;-17;-380;-255;207;-262;-81;-197
-348;-420;-132;-21;-384;-261;203;-263;-86;-197
-343;-421;-130;-26;-387;-267;198;-265;-90;-198
-337;-422;-128;-31;-391;-273;194;-266;-94;-199
-332;-423;-126;-36;-394;-278;189;-268;-99;-199
-326;-424;-124;-40;-398;-284;184;-269;-103;-200
-320;-425;-122;-45;-401;-289;179;-271;-107;-200
-314;-425;-120;-50;-404;-295;174;-272;-112;-200
-308;-425;-118;-55;-407;-300;169;-273;-116;-201
-302;-426;-116;-59;-410;-305;164;-274;-120;-201
-296;-426;-114;-64;-413;-311;159;-275;-124;-202
-290;-426;-112;-69;-415;-316;154;-276;-128;-202
-284;-426;-110;-74;-418;-321;148;-277;-133;-202
-277;-426;-108;-79;-420;-326;143;-278;-137;-202
-271;-426;-107;-83;-423;-331;137;-279;-141;-202
-265;-425;-105;-88;-425;-336;131;-279;-145;-203
-258;-425;-103;-93;-427;-340;126;-280;-149;-203
-252;-424;-101;-98;-429;-345;120;-281;-153;-203
-245;-424;-99;-102;-431;-350;114;-281;-157;-203
-239;-423;-97;-107;-433;-354;108;-282;-161;-203
-232;-422;-95;-112;-435;-359;102;-282;-165;-203
-226;-421;-93;-116;-436;-363;96;-282;-169;-203
-219;-420;-91;-121;-438;-367;90;-282;-173;-203
-212;-419;-89;-126;-439;-371;84;-282;-176;-203
-205;-418;-87;-130;-441;-375;77;-282;-180;-202
-199;-416;-85;-135;-442;-379;71;-282;-184;-202
-192;-415;-83;-139;-443;-383;65;-282;-188;-202
-185;-413;-82;-144;-444;-387;58;-282;-191;-202
-178;-412;-80;-148;-445;-390;52;-282;-195;-201
-171;-410;-78;-153;-446;-394;45;-282;-198;-201
-164;-408;-76;-157;-446;-397;39;-281;-202;-201
-157;-406;-74;-162;-447;-401;32;-281;-205;-200
-150;-404;-72;-166;-447;-404;25;-280;-209;-200
-143;-402;-70;-171;-448;-407;19;-280;-212;-199
-136;-400;-69;-175;-448;-410;12;-279;-215;-199
-129;-397;-67;-179;-448;-413;5;-278;-219;-198
-122;-395;-65;-183;-448;-416;-2;-277;-222;-197
-115;-392;-63;-188;-448;-418;-9;-277;-225;-197
-108;-389;-62;-192;-448;-421;-15;-276;-228;-196
-102;-387;-60;-196;-447;-423;-22;-275;-231;-195
-95;-384;-58;-200;-447;-426;-29;-274;-234;-195
-88;-381;-56;-204;-446;-428;-36;-272;-237;-194
-81;-378;-55;-208;-446;-430;-43;-271;-240;-193
-74;-375;-53;-212;-445;-432;-50;-270;-242;-192
-67;-372;-51;-216;-444;-434;-57;-268;-245;-191
-60;-368;-50;-220;-443;-435;-64;-267;-248;-190
-53;-365;-48;-223;-442;-437;-71;-266;-250;-189
-46;-361;-47;-227;-441;-438;-78;-264;-253;-188
-39;-358;-45;-231;-440;-440;-85;-262;-255;-187
-32;-354;-43;-234;-439;-441;-92;-261;-258;-186
-25;-350;-42;-238;-437;-442;-99;-259;-260;-185
-18;-347;-40;-242;-436;-443;-106;-257;-262;-184
-12;-343;-39;-245;-434;-444;-113;-255;-265;-183
-5;-339;-38;-248;-432;-445;-120;-253;-267;-181
2;-335;-36;-252;-431;-445;-127;-251;-269;-180
8;-330;-35;-255;-429;-446;-134;-249;-271;-179
15;-326;-33;-258;-427;-446;-141;-247;-273;-178
22;-322;-32;-261;-425;-446;-148;-245;-275;-176
28;-318;-31;-264;-422;-447;-155;-243;-276;-175
35;-313;-29;-267;-420;-447;-162;-241;-278;-173
41;-309;-28;-270;-418;-446;-169;-238;-280;-172
48;-304;-27;-273;-415;-446;-175;-236;-281;-171
54;-299;-26;-276;-413;-446;-182;-233;-283;-169
60;-295;-24;-279;-410;-445;-189;-231;-284;-168
66;-290;-23;-281;-407;-445;-196;-228;-285;-166
73;-285;-22;-284;-404;-444;-203;-226;-287;-164
79;-280;-21;-287;-402;-443;-209;-223;-288;-163
85;-275;-20;-289;-399;-442;-216;-220;-289;-161
91;-270;-19;-291;-396;-441;-222;-218;-290;-160
97;-265;-18;-294;-392;-440;-229;-215;-291;-158
103;-260;-17;-296;-389;-438;-235;-212;-292;-156
108;-255;-16;-298;-386;-437;-242;-209;-293;-154
114;-249;-15;-300;-382;-435;-248;-206;-294;-153
120;-244;-14;-302;-379;-433;-255;-203;-294;-151
125;-239;-13;-304;-375;-431;-261;-200;-295;-149
131;-233;-13;-306;-372;-430;-267;-197;-295;-147
136;-228;-12;-308;-368;-427;-273;-194;-296;-145
141;-222;-11;-310;-364;-425;-279;-191;-296;-143
147;-217;-10;-311;-360;-423;-285;-188;-296;-141
152;-211;-10;-313;-357;-420;-291;-185;-297;-140
157;-206;-9;-314;-353;-418;-297;-182;-297;-138
162;-200;-8;-316;-349;-415;-303;-178;-297;-136
167;-194;-8;-317;-344;-412;-309;-175;-297;-134
172;-189;-7;-318;-340;-410;-314;-172;-297;-132
176;-183;-7;-319;-336;-407;-320;-169;-297;-130
181;-177;-6;-320;-332;-403;-326;-165;-297;-128
186;-171;-6;-321;-327;-400;-331;-162;-296;-126
190;-165;-5;-322;-323;-397;-336;-158;-296;-123
194;-160;-5;-323;-318;-393;-342;-155;-295;-121
198;-154;-5;-324;-314;-390;-347;-152;-295;-119
203;-148;-4;-325;-309;-386;-352;-148;-294;-117
207;-142;-4;-325;-305;-382;-357;-145;-294;-115
211;-136;-4;-326;-300;-379;-362;-141;-293;-113
214;-130;-4;-326;-295;-375;-367;-138;-292;-111
218;-124;-3;-326;-290;-371;-371;-134;-291;-109
222;-118;-3;-327;-286;-367;-376;-131;-291;-106
225;-112;-3;-327;-281;-362;-381;-127;-290;-104
229;-106;-3;-327;-276;-358;-385;-124;-289;-102
232;-100;-3;-327;-271;-354;-389;-120;-287;-100
235;-94;-3;-327;-266;-349;-394;-117;-286;-98
238;-88;-3;-327;-261;-344;-398;-113;-285;-95
241;-82;-3;-327;-256;-340;-402;-110;-284;-93
244;-76;-3;-326;-251;-335;-406;-106;-282;-91
247;-70;-3;-326;-245;-330;-410;-102;-281;-89
249;-64;-4;-326;-240;-325;-413;-99;-279;-86
252;-58;-4;-325;-235;-320;-417;-95;-278;-84
254;-52;-4;-325;-230;-315;-420;-92;-276;-82
256;-46;-4;-324;-224;-310;-424;-88;-275;-80
258;-40;-5;-323;-219;-305;-427;-85;-273;-77
260;-34;-5;-322;-214;-300;-430;-81;-271;-75
262;-28;-5;-321;-208;-294;-433;-78;-269;-73
264;-23;-6;-320;-203;-289;-436;-74;-267;-71
266;-17;-6;-319;-198;-283;-439;-71;-265;-68
267;-11;-7;-318;-192;-278;-442;-67;-263;-66
269;-5;-7;-317;-187;-272;-444;-64;-261;-64
270;1;-8;-316;-181;-266;-447;-60;-259;-62
271;7;-8;-315;-176;-261;-449;-57;-257;-60
272;12;-9;-313;-170;-255;-451;-53;-255;-57
273;18;-10;-312;-165;-249;-454;-50;-253;-55
274;24;-10;-310;-159;-243;-456;-47;-250;-53
274;29;-11;-309;-154;-237;-457;-43;-248;-51
275;35;-12;-307;-148;-231;-459;-40;-246;-49
275;40;-12;-305;-143;-225;-461;-37;-243;-46
276;46;-13;-303;-137;-219;-462;-34;-241;-44
276;51;-14;-301;-132;-213;-464;-30;-238;-42
276;57;-15;-299;-126;-207;-465;-27;-236;-40
276;62;-16;-297;-121;-201;-466;-24;-233;-38
276;67;-17;-295;-115;-195;-467;-21;-230;-36
275;72;-18;-293;-110;-189;-468;-18;-228;-34
275;78;-19;-291;-104;-182;-469;-15;-225;-32
274;83;-20;-289;-98;-176;-469;-12;-222;-30
274;88;-21;-287;-93;-170;-470;-9;-219;-28
273;93;-22;-284;-88;-163;-470;-6;-217;-26
272;98;-23;-282;-82;-157;-470;-3;-214;-24
271;103;-24;-279;-77;-151;-470;0;-211;-22
270;107;-25;-277;-71;-144;-470;3;-208;-20
268;112;-26;-274;-66;-138;-470;6;-205;-18
267;117;-27;-272;-60;-132;-470;8;-202;-16
265;121;-29;-269;-55;-125;-470;11;-199;-14
264;126;-30;-266;-50;-119;-469;14;-196;-12
262;130;-31;-263;-44;-113;-469;16;-193;-10
260;135;-32;-260;-39;-106;-468;19;-190;-9
258;139;-34;-258;-34;-100;-467;21;-187;-7
256;143;-35;-255;-28;-93;-466;24;-184;-5
254;148;-36;-252;-23;-87;-465;26;-181;-3
251;152;-38;-249;-18;-81;-464;29;-178;-2
249;156;-39;-246;-13;-74;-462;31;-174;0
246;160;-40;-242;-8;-68;-461;33;-171;1
244;163;-42;-239;-2;-62;-459;35;-168;3
241;167;-43;-236;3;-55;-457;37;-165;5
238;171;-45;-233;8;-49;-456;40;-162;6
235;174;-46;-230;13;-43;-454;42;-158;8
232;178;-48;-226;18;-37;-452;43;-155;9
228;181;-49;-223;23;-30;-449;45;-152;11
225;185;-51;-220;27;-24;-447;47;-149;12
222;188;-52;-216;32;-18;-445;49;-146;13
218;191;-54;-213;37;-12;-442;51;-142;15
214;194;-56;-209;42;-6;-439;52;-139;16
211;197;-57;-206;47;0;-437;54;-136;17
207;200;-59;-202;51;6;-434;55;-133;18
203;203;-60;-199;56;12;-431;57;-129;19
199;205;-62;-195;60;18;-428;58;-126;21
195;208;-64;-192;65;23;-425;60;-123;22
190;210;-65;-188;69;29;-421;61;-120;23
186;213;-67;-185;74;35;-418;62;-116;24
182;215;-69;-181;78;41;-414;63;-113;25
177;217;-70;-177;82;46;-411;64;-110;26
173;219;-72;-174;86;52;-407;65;-107;26
168;221;-74;-170;91;57;-403;66;-104;27
163;223;-75;-166;95;63;-399;67;-101;28
158;225;-77;-163;99;68;-395;68;-97;29
153;226;-79;-159;103;73;-391;68;-94;29
148;228;-81;-155;107;79;-387;69;-91;30
143;229;-82;-152;110;84;-383;70;-88;31
138;230;-84;-148;114;89;-378;70;-85;31
133;232;-86;-144;118;94;-374;71;-82;32
127;233;-88;-141;122;99;-369;71;-79;32
122;234;-89;-137;125;104;-365;71;-76;33
117;234;-91;-133;129;108;-360;72;-73;33
111;235;-93;-129;132;113;-355;72;-70;33
105;236;-95;-126;135;118;-350;72;-67;34
100;236;-96;-122;139;122;-345;72;-64;34
94;237;-98;-118;142;127;-340;72;-61;34
88;237;-100;-115;145;131;-335;72;-58;34
82;237;-102;-111;148;135;-330;71;-55;34
77;237;-103;-107;151;140;-324;71;-53;34
71;237;-105;-104;154;144;-319;71;-50;34
65;237;-107;-100;157;148;-314;70;-47;34
59;237;-109;-96;160;152;-308;70;-44;34
53;237;-110;-93;162;156;-303;69;-42;34
46;236;-112;-89;165;159;-297;69;-39;34
40;236;-114;-85;168;163;-291;68;-36;34
34;235;-115;-82;170;166;-286;67;-34;33
28;234;-117;-78;172;170;-280;67;-31;33
21;233;-119;-75;175;173;-274;66;-29;33
15;232;-121;-71;177;176;-268;65;-26;32
9;231;-122;-68;179;180;-262;64;-24;32
2;230;-124;-64;181;183;-256;63;-21;31
-4;229;-126;-61;183;186;-250;62;-19;31
-11;227;-127;-57;185;188;-244;60;-17;30
-17;226;-129;-54;187;191;-238;59;-14;29
-24;224;-130;-51;188;194;-232;58;-12;28
-30;222;-132;-47;190;196;-226;56;-10;28
-37;220;-134;-44;192;199;-219;55;-8;27
-43;218;-135;-41;193;201;-213;53;-6;26
-50;216;-137;-38;194;203;-207;52;-4;25
-56;214;-138;-34;196;205;-200;50;-2;24
-63;212;-140;-31;197;207;-194;48;0;23
-69;209;-141;-28;198;209;-188;47;2;22
-76;207;-143;-25;199;211;-181;45;4;21
-83;204;-144;-22;200;212;-175;43;6;20
-89;201;-146;-19;201;214;-168;41;8;18
-96;199;-147;-16;202;215;-162;39;10;17
-102;196;-149;-13;202;217;-156;37;11;16
-109;193;-150;-10;203;218;-149;35;13;14
-116;190;-152;-8;203;219;-143;33;15;13
-122;186;-153;-5;204;220;-136;30;16;12
-129;183;-154;-2;204;221;-130;28;18;10
-135;180;-156;1;204;221;-123;26;19;9
-142;176;-157;3;204;222;-116;23;20;7
-148;173;-158;6;204;223;-110;21;22;5
-155;169;-159;8;204;223;-103;18;23;4
-161;165;-161;11;204;223;-97;16;24;2
-168;162;-162;13;204;223;-90;13;26;0
-174;158;-163;16;204;224;-84;11;27;-2
-180;154;-164;18;203;223;-78;8;28;-4
-187;150;-165;20;203;223;-71;5;29;-5
-193;145;-166;23;202;223;-65;3;30;-7
-199;141;-168;25;202;223;-58;0;31;-9
-206;137;-169;27;201;222;-52;-3;32;-11
-212;132;-170;29;200;222;-45;-6;32;-13
-218;128;-171;31;199;221;-39;-9;33;-15
-224;123;-172;33;198;220;-33;-12;34;-18
-230;119;-173;35;197;219;-26;-15;35;-20
-236;114;-174;37;196;218;-20;-18;35;-22
-242;109;-174;39;195;217;-14;-21;36;-24
-248;104;-175;40;194;216;-8;-24;36;-26
-254;99;-176;42;192;214;-2;-27;37;-29
-260;95;-177;44;191;213;5;-30;37;-31
-265;89;-178;45;189;211;11;-33;38;-33
-271;84;-178;47;187;210;17;-36;38;-36
-277;79;-179;48;186;208;23;-39;38;-38
-282;74;-180;50;184;206;29;-43;39;-41
-288;69;-181;51;182;204;34;-46;39;-43
-293;63;-181;52;180;202;40;-49;39;-46
-298;58;-182;53;178;200;46;-52;39;-48
-304;53;-182;55;176;198;52;-56;39;-51
-309;47;-183;56;174;195;57;-59;39;-53
-314;41;-183;57;171;193;63;-62;39;-56
-319;36;-184;58;169;190;69;-66;39;-59
-324;30;-184;59;166;188;74;-69;39;-61
-329;25;-185;59;164;185;80;-73;38;-64
-334;19;-185;60;161;182;85;-76;38;-67
-338;13;-185;61;159;179;90;-79;38;-69
-343;7;-186;62;156;176;95;-83;38;-72
-348;1;-186;62;153;173;101;-86;37;-75
-352;-4;-186;63;150;170;106;-90;37;-78
-357;-10;-186;63;147;167;111;-93;36;-80
-361;-16;-187;64;144;163;116;-96;36;-83
-365;-22;-187;64;141;160;121;-100;35;-86
-369;-28;-187;64;138;157;125;-103;35;-89
-373;-34;-187;64;135;153;130;-107;34;-92
-377;-40;-187;65;131;149;135;-110;33;-95
-381;-46;-187;65;128;146;139;-113;32;-97
-385;-52;-187;65;124;142;144;-117;32;-100
-388;-58;-187;65;121;138;148;-120;31;-103
-392;-64;-187;65;117;134;152;-124;30;-106
-395;-71;-187;65;114;130;156;-127;29;-109
-399;-77;-187;64;110;126;160;-130;28;-112
-402;-83;-186;64;106;122;164;-134;27;-115
-405;-89;-186;64;102;118;168;-137;26;-118
-408;-95;-186;64;99;113;172;-140;25;-121
-411;-101;-186;63;95;109;176;-144;24;-124
-414;-107;-185;63;91;105;180;-147;23;-127
-416;-113;-185;62;87;100;183;-150;22;-130
-419;-119;-185;62;83;96;186;-153;20;-132
-421;-126;-184;61;78;91;190;-157;19;-135
-424;-132;-184;60;74;87;193;-160;18;-138
-426;-138;-183;60;70;82;196;-163;17;-141
-428;-144;-183;59;66;77;199;-166;15;-144
-430;-150;-182;58;61;73;202;-169;14;-147
-432;-156;-182;57;57;68;205;-172;12;-150
-434;-162;-181;56;53;63;208;-175;11;-153
-436;-168;-180;55;48;58;210;-178;10;-156
-437;-174;-180;54;44;53;213;-181;8;-158
-439;-180;-179;53;39;48;215;-184;7;-161
-440;-186;-178;52;34;43;217;-187;5;-164
-441;-192;-178;51;30;39;220;-190;3;-167
-442;-197;-177;49;25;33;222;-193;2;-170
-443;-203;-176;48;20;28;224;-196;0;-173
-444;-209;-175;47;16;23;225;-199;-1;-175
-445;-215;-174;45;11;18;227;-201;-3;-178
-445;-221;-173;44;6;13;229;-204;-5;-181
-446;-226;-172;43;1;8;230;-207;-6;-184
-446;-232;-171;41;-3;3;232;-209;-8;-186
-447;-237;-170;39;-8;-2;233;-212;-10;-189
-447;-243;-169;38;-13;-7;234;-214;-12;-191
-447;-248;-168;36;-18;-13;235;-217;-14;-194
-447;-254;-167;35;-23;-18;236;-219;-15;-197
-446;-259;-166;33;-28;-23;237;-221;-17;-199
-446;-265;-165;31;-33;-28;238;-224;-19;-202
-446;-270;-164;29;-38;-34;238;-226;-21;-204
-445;-275;-163;27;-43;-39;239;-228;-23;-207
-444;-280;-162;26;-48;-44;239;-230;-25;-209
-444;-285;-160;24;-53;-49;240;-232;-26;-212
-443;-290;-159;22;-58;-54;240;-234;-28;-214
-442;-295;-158;20;-63;-60;240;-236;-30;-216
-441;-300;-157;18;-69;-65;240;-238;-32;-219
-439;-305;-155;16;-74;-70;240;-240;-34;-221
-438;-310;-154;14;-79;-75;239;-242;-36;-223
-436;-314;-153;12;-84;-80;239;-244;-38;-225
-435;-319;-151;10;-89;-86;238;-246;-40;-227
-433;-324;-150;7;-94;-91;238;-247;-42;-230
-431;-328;-148;5;-99;-96;237;-249;-44;-232
-429;-332;-147;3;-104;-101;236;-250;-46;-234
-427;-337;-145;1;-109;-106;235;-252;-48;-236
-425;-341;-144;-1;-115;-111;234;-253;-50;-238
-423;-345;-142;-4;-120;-116;233;-254;-52;-239
-421;-349;-141;-6;-125;-121;232;-256;-54;-241
-418;-353;-139;-8;-130;-126;230;-257;-56;-243
-415;-357;-138;-11;-135;-131;229;-258;-58;-245
-413;-361;-136;-13;-140;-136;227;-259;-60;-247
-410;-364;-135;-15;-145;-141;225;-260;-62;-248
-407;-368;-133;-18;-150;-146;224;-261;-64;-250
-404;-371;-132;-20;-155;-151;222;-262;-66;-251
-401;-375;-130;-22;-160;-156;220;-263;-68;-253
-398;-378;-128;-25;-165;-160;217;-264;-70;-254
-394;-381;-127;-27;-170;-165;215;-264;-72;-256
-391;-385;-125;-30;-175;-170;213;-265;-74;-257
-387;-388;-123;-32;-180;-174;210;-265;-75;-258
-384;-391;-122;-35;-185;-179;208;-266;-77;-260
-380;-393;-120;-37;-190;-183;205;-266;-79;-261
-376;-396;-118;-39;-195;-188;202;-267;-81;-262
-372;-399;-117;-42;-199;-192;200;-267;-83;-263
-368;-401;-115;-44;-204;-197;197;-267;-85;-264
-364;-404;-113;-47;-209;-201;194;-267;-87;-265
-360;-406;-111;-49;-214;-205;190;-267;-89;-266
-356;-408;-110;-52;-218;-210;187;-267;-91;-267
-351;-411;-108;-54;-223;-214;184;-267;-93;-268
-347;-413;-106;-57;-228;-218;181;-267;-95;-269
-342;-414;-104;-59;-232;-222;177;-267;-96;-269
-338;-416;-103;-62;-237;-226;173;-266;-98;-270
-333;-418;-101;-64;-241;-230;170;-266;-100;-270
-328;-420;-99;-67;-246;-234;166;-266;-102;-271
-323;-421;-97;-69;-250;-238;162;-265;-104;-271
-319;-422;-96;-72;-255;-241;158;-265;-105;-272
-314;-424;-94;-74;-259;-245;154;-264;-107;-272
-309;-425;-92;-77;-263;-249;150;-263;-109;-272
-303;-426;-90;-79;-267;-252;146;-263;-111;-273
-298;-427;-88;-81;-272;-256;142;-262;-112;-273
-293;-428;-87;-84;-276;-259;137;-261;-114;-273
-288;-428;-85;-86;-280;-262;133;-260;-116;-273
-282;-429;-83;-89;-284;-266;129;-259;-117;-273
-277;-429;-81;-91;-288;-269;124;-258;-119;-273
-271;-430;-80;-93;-292;-272;119;-257;-120;-272
-266;-430;-78;-96;-295;-275;115;-255;-122;-272
-260;-430;-76;-98;-299;-278;110;-254;-124;-272
-254;-430;-74;-100;-303;-281;105;-253;-125;-272
-249;-430;-73;-103;-307;-284;100;-251;-127;-271
-243;-430;-71;-105;-310;-286;96;-250;-128;-271
-237;-429;-69;-107;-314;-289;91;-248;-130;-270
-231;-429;-67;-109;-317;-292;85;-247;-131;-269
-225;-429;-66;-112;-320;-294;80;-245;-132;-269
-219;-428;-64;-114;-324;-296;75;-243;-134;-268
-213;-427;-62;-116;-327;-299;70;-242;-135;-267
-207;-426;-61;-118;-330;-301;65;-240;-137;-266
-201;-425;-59;-120;-333;-303;60;-238;-138;-265
-195;-424;-57;-122;-336;-305;54;-236;-139;-265
-189;-423;-56;-124;-339;-307;49;-234;-140;-263
-183;-422;-54;-127;-342;-309;43;-232;-142;-262
-177;-420;-53;-129;-345;-311;38;-230;-143;-261
-171;-419;-51;-131;-348;-313;32;-228;-144;-260
-164;-417;-49;-133;-351;-315;27;-225;-145;-259
-158;-415;-48;-134;-353;-316;21;-223;-146;-257
-152;-413;-46;-136;-356;-318;16;-221;-148;-256
-146;-411;-45;-138;-358;-319;10;-218;-149;-254
-139;-409;-43;-140;-360;-321;4;-216;-150;-253
-133;-407;-42;-142;-363;-322;-1;-213;-151;-251
-127;-405;-40;-144;-365;-323;-7;-211;-152;-250
-121;-403;-39;-146;-367;-324;-13;-208;-153;-248
-114;-400;-38;-147;-369;-325;-19;-206;-154;-246
-108;-397;-36;-149;-371;-326;-24;-203;-155;-244
-102;-395;-35;-151;-373;-327;-30;-200;-156;-242
-95;-392;-33;-152;-375;-328;-36;-198;-156;-240
-89;-389;-32;-154;-376;-329;-42;-195;-157;-238
-83;-386;-31;-155;-378;-329;-48;-192;-158;-236
-76;-383;-29;-157;-380;-330;-54;-189;-159;-234
-70;-380;-28;-158;-381;-330;-60;-186;-160;-232
-64;-377;-27;-160;-382;-331;-65;-183;-160;-230
-58;-373;-26;-161;-384;-331;-71;-180;-161;-228
-51;-370;-25;-163;-385;-331;-77;-177;-162;-225
-45;-366;-23;-164;-386;-331;-83;-174;-162;-223
-39;-362;-22;-165;-387;-331;-89;-171;-163;-221
-33;-359;-21;-167;-388;-331;-95;-168;-164;-218
-27;-355;-20;-168;-389;-331;-101;-165;-164;-216
-21;-351;-19;-169;-389;-331;-107;-162;-165;-213
-14;-347;-18;-170;-390;-331;-112;-158;-165;-210
-8;-343;-17;-171;-391;-331;-118;-155;-166;-208
-2;-339;-16;-173;-391;-330;-124;-152;-166;-205
4;-335;-15;-174;-391;-330;-130;-149;-167;-202
10;-330;-14;-175;-392;-329;-136;-145;-167;-199
15;-326;-13;-176;-392;-328;-142;-142;-168;-197
21;-321;-12;-176;-392;-328;-147;-139;-168;-194
27;-317;-12;-177;-392;-327;-153;-135;-168;-191
33;-312;-11;-178;-392;-326;-159;-132;-169;-188
39;-307;-10;-179;-392;-325;-164;-128;-169;-185
44;-303;-9;-180;-391;-324;-170;-125;-169;-182
50;-298;-9;-181;-391;-323;-176;-122;-169;-179
55;-293;-8;-181;-391;-322;-181;-118;-170;-176
61;-288;-7;-182;-390;-321;-187;-115;-170;-172
66;-283;-7;-183;-389;-320;-192;-111;-170;-169
72;-278;-6;-183;-389;-318;-198;-108;-170;-166
77;-273;-6;-184;-388;-317;-203;-104;-170;-163
82;-268;-5;-184;-387;-315;-209;-101;-170;-160
87;-262;-5;-185;-386;-314;-214;-97;-170;-156
93;-257;-4;-185;-385;-312;-219;-94;-170;-153
98;-252;-4;-186;-384;-310;-225;-90;-170;-150
103;-246;-3;-186;-382;-309;-230;-87;-170;-146
107;-241;-3;-186;-381;-307;-235;-83;-170;-143
112;-235;-3;-186;-380;-305;-240;-80;-170;-139
117;-230;-3;-187;-378;-303;-245;-76;-170;-136
122;-224;-2;-187;-377;-301;-250;-73;-170;-132
126;-218;-2;-187;-375;-299;-255;-70;-170;-129
131;-213;-2;-187;-373;-297;-260;-66;-170;-125
135;-207;-2;-187;-371;-295;-265;-63;-170;-122
139;-201;-2;-187;-369;-293;-270;-59;-169;-118
144;-195;-2;-187;-367;-291;-275;-56;-169;-115
148;-190;-2;-187;-365;-288;-279;-52;-169;-111
152;-184;-2;-187;-363;-286;-284;-49;-169;-107
156;-178;-2;-187;-361;-284;-288;-46;-168;-104
160;-172;-2;-187;-358;-281;-293;-42;-168;-100
164;-166;-2;-187;-356;-279;-297;-39;-168;-97
167;-160;-2;-187;-353;-276;-301;-36;-168;-93
171;-154;-3;-187;-351;-274;-306;-32;-167;-89
174;-148;-3;-186;-348;-271;-310;-29;-167;-86
178;-142;-3;-186;-345;-268;-314;-26;-166;-82
181;-136;-3;-186;-342;-266;-318;-23;-166;-78
184;-130;-4;-185;-339;-263;-322;-19;-166;-75
187;-124;-4;-185;-336;-260;-326;-16;-165;-71
190;-118;-5;-184;-333;-257;-329;-13;-165;-67
193;-112;-5;-184;-330;-255;-333;-10;-164;-64
196;-106;-6;-184;-327;-252;-337;-7;-164;-60
199;-100;-6;-183;-323;-249;-340;-4;-163;-57
201;-94;-7;-182;-320;-246;-344;-1;-163;-53
204;-88;-7;-182;-317;-243;-347;2;-162;-49
206;-82;-8;-181;-313;-240;-350;5;-162;-46
208;-76;-9;-181;-310;-237;-353;8;-161;-42
210;-70;-9;-180;-306;-234;-357;11;-161;-38
213;-64;-10;-179;-302;-231;-360;14;-160;-35
214;-58;-11;-179;-298;-228;-362;16;-160;-31
216;-52;-12;-178;-295;-225;-365;19;-159;-28
218;-46;-13;-177;-291;-221;-368;22;-158;-24
219;-40;-14;-176;-287;-218;-371;25;-158;-21
221;-34;-14;-176;-283;-215;-373;27;-157;-17
222;-28;-15;-175;-279;-212;-375;30;-157;-14
223;-23;-16;-174;-274;-209;-378;32;-156;-10
225;-17;-17;-173;-270;-205;-380;35;-155;-7
226;-11;-19;-172;-266;-202;-382;37;-155;-4
226;-5;-20;-171;-262;-199;-384;39;-154;0
227;0;-21;-170;-257;-196;-386;42;-153;3
228;6;-22;-169;-253;-192;-388;44;-153;6
228;12;-23;-168;-248;-189;-390;46;-152;10
229;17;-24;-167;-244;-186;-391;48;-151;13
229;23;-26;-166;-239;-183;-393;50;-150;16
229;28;-27;-165;-235;-179;-394;52;-150;19
229;34;-28;-164;-230;-176;-396;54;-149;22
229;39;-29;-163;-225;-173;-397;56;-148;25
229;45;-31;-162;-221;-169;-398;58;-147;29
229;50;-32;-161;-216;-166;-399;60;-147;32
228;55;-34;-160;-211;-163;-400;62;-146;35
228;60;-35;-159;-206;-160;-401;64;-145;37
227;65;-37;-158;-201;-156;-402;65;-144;40
226;71;-38;-157;-197;-153;-402;67;-144;43
225;76;-40;-155;-192;-150;-403;68;-143;46
224;80;-41;-154;-187;-146;-403;70;-142;49
223;85;-43;-153;-182;-143;-403;71;-141;51
222;90;-44;-152;-177;-140;-404;72;-141;54
220;95;-46;-151;-172;-137;-404;74;-140;57
219;100;-48;-149;-167;-133;-404;75;-139;59
217;104;-49;-148;-161;-130;-404;76;-138;62
216;109;-51;-147;-156;-127;-403;77;-138;64
214;113;-53;-146;-151;-124;-403;78;-137;67
212;118;-54;-145;-146;-121;-403;79;-136;69
210;122;-56;-143;-141;-118;-402;80;-135;71
208;126;-58;-142;-136;-114;-402;81;-134;73
205;130;-60;-141;-131;-111;-401;81;-134;76
203;134;-62;-140;-125;-108;-400;82;-133;78
201;138;-63;-138;-120;-105;-399;82;-132;80
198;142;-65;-137;-115;-102;-398;83;-131;82
195;146;-67;-136;-110;-99;-397;83;-131;84
193;150;-69;-135;-105;-96;-396;84;-130;86
190;153;-71;-133;-99;-93;-394;84;-129;87
187;157;-73;-132;-94;-90;-393;84;-128;89
183;160;-75;-131;-89;-87;-392;84;-128;91
180;164;-77;-130;-84;-84;-390;85;-127;92
177;167;-79;-128;-78;-82;-388;85;-126;94
174;170;-81;-127;-73;-79;-386;85;-125;95
170;173;-83;-126;-68;-76;-385;84;-125;97
166;176;-85;-125;-63;-73;-383;84;-124;98
163;179;-87;-123;-58;-70;-380;84;-123;99
159;182;-89;-122;-53;-68;-378;84;-122;101
155;184;-91;-121;-47;-65;-376;83;-122;102
151;187;-93;-120;-42;-62;-374;83;-121;103
147;189;-95;-119;-37;-60;-371;82;-120;104
143;192;-97;-117;-32;-57;-369;82;-119;105
139;194;-99;-116;-27;-55;-366;81;-119;106
134;196;-101;-115;-22;-52;-363;80;-118;106
130;198;-103;-114;-17;-50;-360;79;-117;107
125;200;-105;-113;-12;-47;-357;79;-117;108
121;202;-107;-112;-7;-45;-354;78;-116;108
116;204;-109;-110;-2;-43;-351;77;-115;109
111;205;-111;-109;3;-40;-348;76;-114;109
106;207;-113;-108;8;-38;-345;74;-114;109
102;208;-115;-107;12;-36;-342;73;-113;110
97;210;-117;-106;17;-34;-338;72;-112;110
92;211;-119;-105;22;-31;-335;71;-112;110
87;212;-121;-104;27;-29;-331;69;-111;110
81;213;-123;-103;31;-27;-328;68;-110;110
76;214;-126;-102;36;-25;-324;66;-110;110
71;215;-128;-101;40;-23;-320;65;-109;110
66;215;-130;-100;45;-21;-316;63;-109;109
60;216;-132;-99;49;-19;-312;61;-108;109
55;216;-134;-98;54;-18;-308;59;-107;109
49;216;-136;-97;58;-16;-304;57;-107;108
44;217;-138;-96;63;-14;-300;56;-106;107
38;217;-140;-95;67;-12;-296;54;-106;107
32;217;-142;-94;71;-11;-292;52;-105;106
27;217;-144;-93;75;-9;-288;49;-104;105
21;216;-146;-92;79;-7;-283;47;-104;104
15;216;-147;-92;83;-6;-279;45;-103;103
9;216;-149;-91;87;-4;-274;43;-103;102
3;215;-151;-90;91;-3;-270;40;-102;101
-2;214;-153;-89;95;-2;-265;38;-102;100
-8;213;-155;-88;99;0;-261;36;-101;99
-14;213;-157;-88;103;1;-256;33;-100;98
-20;212;-159;-87;106;2;-251;31;-100;96
-26;210;-161;-86;110;3;-246;28;-99;95
-32;209;-162;-85;114;5;-241;25;-99;93
-38;208;-164;-85;117;6;-237;23;-98;91
-45;206;-166;-84;120;7;-232;20;-98;90
-51;205;-168;-83;124;8;-227;17;-97;88
-57;203;-169;-83;127;9;-222;14;-97;86
-63;201;-171;-82;130;10;-217;12;-96;84
-69;199;-173;-82;133;11;-212;9;-96;82
-75;198;-174;-81;136;11;-207;6;-96;80
-81;195;-176;-81;139;12;-201;3;-95;78
-87;193;-178;-80;142;13;-196;0;-95;76
-94;191;-179;-80;145;14;-191;-3;-94;74
-100;189;-181;-79;148;14;-186;-7;-94;71
-106;186;-182;-79;150;15;-181;-10;-93;69
-112;183;-184;-78;153;16;-175;-13;-93;66
-118;181;-185;-78;155;16;-170;-16;-93;64
-124;178;-187;-77;158;17;-165;-19;-92;61
-130;175;-188;-77;160;17;-159;-23;-92;59
-137;172;-190;-77;162;17;-154;-26;-91;56
-143;169;-191;-76;164;18;-149;-29;-91;53
-149;166;-192;-76;166;18;-143;-33;-91;50
-155;163;-193;-76;168;18;-138;-36;-90;48
-161;159;-195;-76;170;19;-133;-40;-90;45
-167;156;-196;-75;172;19;-127;-43;-89;42
-173;152;-197;-75;174;19;-122;-46;-89;39
-179;149;-198;-75;175;19;-116;-50;-89;35
-185;145;-199;-75;177;19;-111;-54;-88;32
-190;141;-200;-75;178;19;-106;-57;-88;29
-196;137;-202;-74;179;19;-100;-61;-88;26
-202;134;-203;-74;181;19;-95;-64;-87;22
-208;130;-203;-74;182;19;-90;-68;-87;19
-214;125;-204;-74;183;19;-84;-71;-87;16
-219;121;-205;-74;184;19;-79;-75;-86;12
-225;117;-206;-74;185;18;-73;-79;-86;9
-230;113;-207;-74;185;18;-68;-82;-86;5
-236;108;-208;-74;186;18;-63;-86;-85;2
-241;104;-208;-74;187;18;-58;-90;-85;-2
-247;99;-209;-74;187;17;-52;-93;-85;-6
-252;95;-210;-74;187;17;-47;-97;-85;-9
-257;90;-210;-74;188;17;-42;-101;-84;-13
-263;85;-211;-74;188;16;-37;-104;-84;-17
-268;81;-212;-74;188;16;-31;-108;-84;-21
-273;76;-212;-75;188;15;-26;-112;-83;-25
-278;71;-212;-75;188;15;-21;-115;-83;-29
-283;66;-213;-75;188;14;-16;-119;-83;-33
-288;61;-213;-75;188;13;-11;-123;-83;-36
-292;56;-214;-75;187;13;-6;-126;-82;-40
-297;51;-214;-75;187;12;-1;-130;-82;-44
-302;45;-214;-76;186;11;4;-134;-82;-49
-306;40;-214;-76;186;11;9;-137;-82;-53
-311;35;-214;-76;185;10;14;-141;-81;-57
-315;30;-214;-76;184;9;18;-145;-81;-61
-320;24;-215;-77;183;8;23;-148;-81;-65
-324;19;-215;-77;182;8;28;-152;-81;-69
-328;14;-215;-77;181;7;33;-155;-80;-73
-332;8;-214;-78;180;6;37;-159;-80;-77
-336;3;-214;-78;179;5;42;-163;-80;-82
-340;-3;-214;-78;177;4;46;-166;-80;-86
-344;-8;-214;-79;176;3;51;-170;-79;-90
-347;-14;-214;-79;174;2;55;-173;-79;-94
-351;-20;-213;-80;173;1;60;-177;-79;-98
-355;-25;-213;-80;171;0;64;-180;-79;-103
-358;-31;-213;-80;169;-1;68;-183;-78;-107
-361;-37;-212;-81;167;-2;72;-187;-78;-111
-365;-42;-212;-81;165;-3;76;-190;-78;-115
-368;-48;-211;-82;163;-4;80;-193;-78;-119
-371;-54;-211;-82;161;-5;84;-197;-78;-124
-374;-59;-210;-83;159;-6;88;-200;-77;-128
-376;-65;-209;-83;156;-7;92;-203;-77;-132
-379;-71;-209;-83;154;-8;96;-206;-77;-136
-382;-77;-208;-84;151;-10;100;-209;-77;-141
-384;-82;-207;-84;149;-11;103;-212;-76;-145
-386;-88;-206;-85;146;-12;107;-216;-76;-149
-389;-94;-206;-85;143;-13;110;-219;-76;-153
-391;-100;-205;-86;141;-14;114;-222;-76;-157
-393;-105;-204;-86;138;-16;117;-224;-76;-161
-395;-111;-203;-87;135;-17;120;-227;-75;-165
-396;-117;-202;-87;132;-18;123;-230;-75;-170
-398;-122;-201;-88;129;-19;126;-233;-75;-174
-400;-128;-199;-89;125;-20;129;-236;-75;-178
-401;-134;-198;-89;122;-22;132;-238;-75;-182
-403;-139;-197;-90;119;-23;135;-241;-74;-186
-404;-145;-196;-90;116;-24;138;-244;-74;-190
-405;-151;-195;-91;112;-26;141;-246;-74;-194
-406;-156;-193;-91;109;-27;143;-249;-74;-197
-407;-162;-192;-92;105;-28;146;-251;-73;-201
-407;-167;-190;-92;101;-29;148;-254;-73;-205
-408;-173;-189;-93;98;-31;150;-256;-73;-209
-409;-178;-188;-93;94;-32;153;-258;-73;-213
-409;-184;-186;-94;90;-33;155;-260;-73;-216
-409;-189;-184;-94;86;-34;157;-263;-72;-220
-409;-195;-183;-95;82;-36;159;-265;-72;-224
-410;-200;-181;-95;78;-37;161;-267;-72;-227
-409;-205;-180;-96;74;-38;162;-269;-72;-231
-409;-210;-178;-97;70;-40;164;-271;-72;-234
-409;-216;-176;-97;66;-41;166;-273;-71;-238
-409;-221;-174;-98;62;-42;167;-274;-71;-241
-408;-226;-173;-98;57;-43;169;-276;-71;-245
-407;-231;-171;-99;53;-45;170;-278;-71;-248
-407;-236;-169;-99;49;-46;171;-279;-71;-251
-406;-241;-167;-100;44;-47;172;-281;-70;-254
-405;-246;-165;-100;40;-49;173;-283;-70;-257
-403;-250;-163;-101;35;-50;174;-284;-70;-261
-402;-255;-161;-101;31;-51;175;-285;-70;-264
-401;-260;-159;-102;26;-52;176;-287;-70;-267
-399;-264;-157;-102;22;-54;176;-288;-69;-269
-398;-269;-155;-102;17;-55;177;-289;-69;-272
-396;-273;-153;-103;12;-56;177;-290;-69;-275
-394;-278;-151;-103;8;-57;178;-291;-69;-278
-392;-282;-149;-104;3;-58;178;-292;-69;-280
-390;-287;-146;-104;-2;-60;178;-293;-68;-283
-388;-291;-144;-105;-7;-61;178;-294;-68;-286
-386;-295;-142;-105;-12;-62;178;-294;-68;-288
-383;-299;-140;-105;-16;-63;178;-295;-68;-290
-381;-303;-137;-106;-21;-64;178;-296;-68;-293
-378;-307;-135;-106;-26;-66;177;-296;-67;-295
-376;-311;-133;-107;-31;-67;177;-297;-67;-297
-373;-314;-131;-107;-36;-68;176;-297;-67;-299
-370;-318;-128;-107;-41;-69;176;-297;-67;-301
-367;-322;-126;-108;-46;-70;175;-298;-67;-303
-364;-325;-124;-108;-51;-71;174;-298;-66;-305
-361;-328;-121;-108;-56;-72;173;-298;-66;-307
-357;-332;-119;-109;-61;-73;172;-298;-66;-309
-354;-335;-116;-109;-66;-74;171;-298;-66;-310
-350;-338;-114;-109;-71;-75;170;-298;-66;-312
-347;-341;-111;-109;-76;-76;169;-298;-66;-313
-343;-344;-109;-110;-81;-77;167;-297;-65;-315
-339;-347;-107;-110;-86;-78;166;-297;-65;-316
-335;-350;-104;-110;-91;-79;164;-297;-65;-317
-331;-352;-102;-110;-96;-80;163;-296;-65;-318
-327;-355;-99;-110;-101;-81;161;-296;-65;-319
-323;-357;-97;-111;-106;-82;159;-295;-65;-320
-319;-360;-94;-111;-111;-83;157;-294;-64;-321
-315;-362;-92;-111;-116;-84;155;-294;-64;-322
-310;-364;-89;-111;-121;-85;153;-293;-64;-323
-306;-366;-87;-111;-126;-86;151;-292;-64;-323
-301;-368;-84;-111;-131;-87;149;-291;-64;-324
-297;-370;-82;-111;-135;-88;146;-290;-64;-324
-292;-372;-79;-112;-140;-89;144;-289;-64;-325
-287;-374;-77;-112;-145;-89;141;-287;-63;-325
-282;-375;-74;-112;-150;-90;139;-286;-63;-325
-278;-377;-72;-112;-155;-91;136;-285;-63;-325
-273;-378;-69;-112;-160;-92;133;-284;-63;-325
-267;-379;-67;-112;-164;-93;130;-282;-63;-325
-262;-380;-64;-112;-169;-93;128;-281;-63;-325
-257;-381;-62;-112;-174;-94;125;-279;-63;-325
-252;-382;-59;-112;-179;-95;122;-277;-63;-325
-247;-383;-57;-112;-183;-95;118;-276;-63;-324
-241;-384;-54;-111;-188;-96;115;-274;-62;-324
-236;-384;-52;-111;-193;-97;112;-272;-62;-323
-231;-385;-49;-111;-197;-97;109;-270;-62;-322
-225;-385;-47;-111;-202;-98;105;-268;-62;-322
-220;-386;-45;-111;-206;-99;102;-266;-62;-321
-214;-386;-42;-111;-210;-99;98;-264;-62;-320
-208;-386;-40;-111;-215;-100;94;-262;-62;-319
-203;-386;-38;-111;-219;-101;91;-260;-62;-318
-197;-386;-35;-110;-224;-101;87;-257;-62;-317
-191;-386;-33;-110;-228;-102;83;-255;-62;-315
-186;-385;-31;-110;-232;-102;79;-253;-62;-314
-180;-385;-28;-110;-236;-103;75;-250;-62;-313
-174;-384;-26;-109;-240;-103;71;-248;-62;-311
-168;-384;-24;-109;-244;-104;67;-245;-62;-309
-162;-383;-22;-109;-248;-104;63;-242;-62;-308
-156;-382;-20;-109;-252;-105;59;-240;-62;-306
-151;-381;-17;-108;-256;-105;55;-237;-62;-304
-145;-380;-15;-108;-260;-106;51;-234;-62;-302
-139;-379;-13;-108;-264;-106;46;-231;-62;-300
-133;-377;-11;-107;-267;-106;42;-229;-62;-298
-127;-376;-9;-107;-271;-107;38;-226;-62;-296
-121;-375;-7;-106;-275;-107;33;-223;-62;-294
-115;-373;-5;-106;-278;-108;29;-220;-62;-291
-109;-371;-3;-106;-282;-108;24;-217;-62;-289
-103;-369;-1;-105;-285;-108;20;-213;-63;-286
-97;-368;1;-105;-288;-109;15;-210;-63;-284
-91;-366;2;-104;-292;-109;10;-207;-63;-281
-85;-363;4;-104;-295;-109;6;-204;-63;-278
-79;-361;6;-103;-298;-110;1;-201;-63;-276
-73;-359;8;-103;-301;-110;-4;-197;-63;-273
-67;-357;9;-102;-304;-110;-9;-194;-63;-270
-61;-354;11;-102;-307;-110;-13;-191;-63;-267
-55;-352;13;-101;-310;-111;-18;-187;-64;-264
-49;-349;14;-101;-313;-111;-23;-184;-64;-260
-44;-346;16;-100;-315;-111;-28;-180;-64;-257
-38;-343;17;-100;-318;-111;-33;-177;-64;-254
-32;-341;19;-99;-320;-112;-38;-173;-64;-251
-26;-338;20;-99;-323;-112;-42;-170;-65;-247
-20;-334;22;-98;-325;-112;-47;-166;-65;-244
-15;-331;23;-98;-328;-112;-52;-163;-65;-240
-9;-328;24;-97;-330;-112;-57;-159;-65;-237
-3;-325;25;-96;-332;-113;-62;-155;-66;-233
2;-321;27;-96;-334;-113;-67;-152;-66;-229
8;-318;28;-95;-336;-113;-72;-148;-66;-226
13;-314;29;-95;-338;-113;-77;-144;-66;-222
19;-311;30;-94;-340;-113;-82;-140;-67;-218
24;-307;31;-93;-342;-113;-87;-137;-67;-214
30;-303;32;-93;-343;-114;-92;-133;-67;-210
35;-299;33;-92;-345;-114;-97;-129;-68;-206
40;-295;34;-91;-346;-114;-102;-125;-68;-202
45;-291;34;-91;-348;-114;-107;-121;-68;-198
50;-287;35;-90;-349;-114;-112;-118;-69;-194
56;-283;36;-89;-350;-114;-117;-114;-69;-190
61;-279;37;-89;-351;-114;-122;-110;-70;-185
65;-275;37;-88;-352;-114;-127;-106;-70;-181
70;-270;38;-87;-353;-115;-132;-102;-70;-177
75;-266;38;-87;-354;-115;-136;-98;-71;-173
80;-261;39;-86;-355;-115;-141;-95;-71;-168
85;-257;39;-85;-356;-115;-146;-91;-72;-164
89;-252;40;-85;-357;-115;-151;-87;-72;-159
94;-248;40;-84;-357;-115;-156;-83;-73;-155
98;-243;40;-83;-358;-115;-161;-79;-73;-150
103;-238;40;-83;-358;-115;-165;-75;-74;-146
107;-234;40;-82;-358;-115;-170;-72;-74;-141
111;-229;41;-81;-358;-115;-175;-68;-75;-137
115;-224;41;-80;-359;-115;-179;-64;-75;-132
119;-219;41;-80;-359;-116;-184;-60;-76;-128
123;-214;41;-79;-359;-116;-189;-56;-76;-123
127;-209;40;-78;-358;-116;-193;-53;-77;-118
131;-204;40;-78;-358;-116;-198;-49;-77;-114
134;-199;40;-77;-358;-116;-202;-45;-78;-109
138;-194;40;-76;-358;-116;-206;-41;-78;-105
142;-189;39;-76;-357;-116;-211;-38;-79;-100
145;-184;39;-75;-357;-116;-215;-34;-80;-95
148;-179;39;-74;-356;-116;-219;-30;-80;-91
151;-174;38;-74;-355;-116;-224;-27;-81;-86
155;-169;37;-73;-354;-116;-228;-23;-82;-81
158;-163;37;-72;-354;-117;-232;-20;-82;-77
160;-158;36;-72;-353;-117;-236;-16;-83;-72
163;-153;36;-71;-352;-117;-240;-13;-83;-67
166;-148;35;-70;-350;-117;-244;-9;-84;-63
168;-142;34;-70;-349;-117;-248;-6;-85;-58
171;-137;33;-69;-348;-117;-252;-2;-85;-53
173;-132;32;-68;-347;-117;-256;1;-86;-49
176;-127;31;-68;-345;-117;-260;5;-87;-44
178;-121;30;-67;-344;-117;-263;8;-88;-40
180;-116;29;-67;-342;-118;-267;11;-88;-35
182;-111;28;-66;-340;-118;-270;14;-89;-30
184;-105;27;-66;-339;-118;-274;18;-90;-26
185;-100;25;-65;-337;-118;-277;21;-90;-21
187;-95;24;-64;-335;-118;-281;24;-91;-17
188;-90;23;-64;-333;-118;-284;27;-92;-13
190;-84;21;-63;-331;-118;-287;30;-93;-8
191;-79;20;-63;-329;-119;-290;33;-94;-4
192;-74;19;-62;-326;-119;-293;36;-94;1
193;-69;17;-62;-324;-119;-296;39;-95;5
194;-63;15;-61;-322;-119;-299;42;-96;9
195;-58;14;-61;-319;-119;-302;45;-97;13
196;-53;12;-60;-317;-120;-305;47;-97;18
196;-48;10;-60;-314;-120;-308;50;-98;22
197;-43;9;-59;-312;-120;-310;53;-99;26
197;-38;7;-59;-309;-120;-313;55;-100;30
197;-33;5;-59;-306;-120;-315;58;-101;34
198;-28;3;-58;-304;-121;-318;60;-102;38
198;-23;1;-58;-301;-121;-320;63;-102;42
197;-18;-1;-57;-298;-121;-322;65;-103;46
197;-13;-3;-57;-295;-121;-324;67;-104;49
197;-8;-5;-57;-292;-122;-326;70;-105;53
197;-3;-7;-56;-289;-122;-328;72;-106;57
196;2;-9;-56;-286;-122;-330;74;-107;61
195;6;-11;-56;-282;-122;-332;76;-107;64
194;11;-13;-55;-279;-123;-334;78;-108;68
194;16;-16;-55;-276;-123;-335;80;-109;71
193;20;-18;-55;-273;-123;-337;82;-110;75
191;25;-20;-55;-269;-123;-339;84;-111;78
190;29;-23;-54;-266;-124;-340;85;-112;81
189;34;-25;-54;-262;-124;-341;87;-113;84
187;38;-27;-54;-259;-124;-342;89;-114;87
186;43;-30;-54;-255;-125;-343;90;-114;90
184;47;-32;-54;-251;-125;-344;92;-115;93
182;51;-35;-54;-248;-125;-345;93;-116;96
180;55;-37;-53;-244;-126;-346;94;-117;99
178;59;-40;-53;-240;-126;-347;96;-118;102
176;63;-43;-53;-237;-126;-348;97;-119;105
174;67;-45;-53;-233;-127;-348;98;-120;107
172;71;-48;-53;-229;-127;-349;99;-120;110
169;75;-50;-53;-225;-127;-349;100;-121;112
167;79;-53;-53;-221;-128;-349;101;-122;115
164;82;-56;-53;-217;-128;-350;102;-123;117
162;86;-59;-53;-213;-128;-350;103;-124;119
159;89;-61;-53;-209;-129;-350;103;-125;121
156;93;-64;-53;-205;-129;-350;104;-126;123
153;96;-67;-53;-201;-130;-350;105;-126;125
150;100;-70;-53;-197;-130;-349;105;-127;127
147;103;-72;-54;-193;-130;-349;105;-128;129
143;106;-75;-54;-189;-131;-349;106;-129;130
140;109;-78;-54;-184;-131;-348;106;-130;132
136;112;-81;-54;-180;-132;-348;106;-131;133
133;115;-84;-54;-176;-132;-347;106;-131;135
129;118;-87;-54;-172;-132;-346;106;-132;136
125;120;-90;-55;-168;-133;-345;106;-133;137
122;123;-93;-55;-163;-133;-344;106;-134;138
118;125;-95;-55;-159;-134;-343;106;-135;139
114;128;-98;-56;-155;-134;-342;106;-135;140
110;130;-101;-56;-151;-134;-341;106;-136;141
106;132;-104;-56;-146;-135;-340;105;-137;142
101;135;-107;-57;-142;-135;-338;105;-138;143
97;137;-110;-57;-138;-136;-337;104;-139;143
93;139;-113;-57;-133;-136;-335;104;-139;144
88;141;-116;-58;-129;-137;-334;103;-140;144
84;142;-119;-58;-125;-137;-332;102;-141;144
79;144;-122;-59;-120;-137;-330;101;-141;144
75;146;-124;-59;-116;-138;-328;100;-142;145
70;147;-127;-59;-112;-138;-327;100;-143;144
65;149;-130;-60;-108;-139;-324;98;-144;144
60;150;-133;-60;-103;-139;-322;97;-144;144
56;151;-136;-61;-99;-139;-320;96;-145;144
51;152;-139;-61;-95;-140;-318;95;-146;143
46;153;-142;-62;-91;-140;-316;94;-146;143
41;154;-144;-63;-86;-141;-313;92;-147;142
36;155;-147;-63;-82;-141;-311;91;-148;142
30;156;-150;-64;-78;-141;-308;89;-148;141
25;157;-153;-64;-74;-142;-306;88;-149;140
20;157;-156;-65;-70;-142;-303;86;-149;139
15;158;-158;-66;-65;-143;-300;84;-150;138
10;158;-161;-66;-61;-143;-297;83;-150;137
4;158;-164;-67;-57;-143;-294;81;-151;135
-1;158;-166;-68;-53;-144;-292;79;-152;134
-7;158;-169;-69;-49;-144;-288;77;-152;132
-12;158;-172;-69;-45;-145;-285;75;-153;131
-17;158;-174;-70;-41;-145;-282;73;-153;129
-23;158;-177;-71;-37;-145;-279;70;-154;127
-28;158;-180;-72;-33;-146;-276;68;-154;126
-34;157;-182;-72;-29;-146;-272;66;-154;124
-39;157;-185;-73;-25;-146;-269;64;-155;122
-45;156;-187;-74;-21;-147;-266;61;-155;120
-50;155;-189;-75;-18;-147;-262;59;-156;117
-56;154;-192;-76;-14;-147;-259;56;-156;115
-62;154;-194;-77;-10;-148;-255;54;-157;113
-67;153;-197;-77;-6;-148;-251;51;-157;110
-73;151;-199;-78;-3;-148;-248;48;-157;108
-78;150;-201;-79;1;-148;-244;46;-158;105
-84;149;-203;-80;4;-149;-240;43;-158;102
-90;148;-205;-81;8;-149;-236;40;-158;100
-95;146;-208;-82;12;-149;-232;37;-158;97
-101;145;-210;-83;15;-149;-228;34;-159;94
-106;143;-212;-84;18;-150;-224;31;-159;91
-112;141;-214;-85;22;-150;-220;28;-159;88
-118;139;-216;-86;25;-150;-216;25;-159;84
-123;137;-218;-87;28;-150;-212;22;-160;81
-129;135;-220;-88;32;-150;-208;19;-160;78
-134;133;-221;-89;35;-150;-204;16;-160;74
-140;131;-223;-90;38;-151;-200;13;-160;71
-145;129;-225;-91;41;-151;-196;9;-160;67
-151;127;-227;-92;44;-151;-191;6;-160;64
-156;124;-228;-93;47;-151;-187;3;-160;60
-161;122;-230;-94;50;-151;-183;-1;-160;56
-167;119;-231;-95;53;-151;-178;-4;-160;52
-172;116;-233;-96;56;-151;-174;-8;-160;48
-177;114;-234;-97;58;-151;-170;-11;-160;44
-183;111;-236;-98;61;-151;-165;-15;-160;40
-188;108;-237;-99;64;-151;-161;-18;-160;36
-193;105;-238;-100;66;-151;-157;-22;-160;32
-198;102;-240;-101;69;-151;-152;-25;-160;28
-203;99;-241;-102;71;-151;-148;-29;-160;24
-208;96;-242;-103;74;-151;-143;-33;-160;19
-213;92;-243;-104;76;-151;-139;-36;-160;15
-218;89;-244;-105;78;-151;-134;-40;-160;11
-223;86;-245;-106;80;-151;-130;-44;-160;6
-228;82;-246;-107;83;-151;-125;-47;-159;2
-233;79;-247;-109;85;-151;-121;-51;-159;-3
-237;75;-247;-110;87;-150;-116;-55;-159;-7
-242;72;-248;-111;89;-150;-112;-59;-159;-12
-246;68;-249;-112;91;-150;-107;-62;-159;-17
-251;64;-249;-113;92;-150;-103;-66;-158;-21
-255;60;-250;-114;94;-150;-98;-70;-158;-26
-260;57;-250;-115;96;-149;-94;-74;-158;-31
-264;53;-251;-116;97;-149;-90;-78;-157;-36
-268;49;-251;-117;99;-149;-85;-81;-157;-41
-273;45;-251;-118;101;-149;-81;-85;-157;-45
-277;41;-252;-119;102;-148;-76;-89;-156;-50
-281;37;-252;-120;103;-148;-72;-93;-156;-55
-285;32;-252;-121;105;-148;-67;-97;-155;-60
-288;28;-252;-122;106;-147;-63;-101;-155;-65
-292;24;-252;-123;107;-147;-59;-104;-154;-70
-296;20;-252;-124;108;-146;-54;-108;-154;-75
-300;16;-252;-126;109;-146;-50;-112;-153;-80
-303;11;-252;-127;110;-146;-46;-116;-153;-85
-307;7;-252;-128;111;-145;-41;-120;-152;-90
-310;2;-251;-129;112;-145;-37;-124;-152;-95
-313;-2;-251;-130;113;-144;-33;-127;-151;-100
-316;-6;-250;-131;113;-144;-29;-131;-151;-105
-320;-11;-250;-132;114;-143;-25;-135;-150;-110
-323;-15;-249;-133;115;-142;-20;-139;-149;-115
-325;-20;-249;-134;115;-142;-16;-142;-149;-120
-328;-24;-248;-134;115;-141;-12;-146;-148;-125
-331;-29;-247;-135;116;-141;-8;-150;-148;-130
-334;-34;-247;-136;116;-140;-4;-154;-147;-135
-336;-38;-246;-137;116;-139;0;-157;-146;-140
-339;-43;-245;-138;117;-139;4;-161;-145;-145
-341;-47;-244;-139;117;-138;7;-164;-145;-150
-343;-52;-243;-140;117;-137;11;-168;-144;-155
-345;-57;-242;-141;117;-137;15;-172;-143;-160
-347;-61;-241;-142;116;-136;19;-175;-142;-165
-349;-66;-240;-143;116;-135;22;-179;-142;-170
-351;-71;-238;-144;116;-134;26;-182;-141;-175
-353;-75;-237;-144;116;-133;30;-186;-140;-179
-355;-80;-236;-145;115;-133;33;-189;-139;-184
-356;-85;-234;-146;115;-132;37;-192;-138;-189
-358;-89;-233;-147;114;-131;40;-196;-137;-194
-359;-94;-231;-148;114;-130;43;-199;-136;-198
-360;-98;-230;-148;113;-129;47;-202;-136;-203
-361;-103;-228;-149;112;-128;50;-205;-135;-208
-362;-108;-226;-150;112;-127;53;-209;-134;-212
-363;-112;-225;-151;111;-126;56;-212;-133;-217
-364;-117;-223;-151;110;-125;59;-215;-132;-221
-365;-121;-221;-152;109;-124;62;-218;-131;-226
-365;-126;-219;-153;108;-123;65;-221;-130;-230
-366;-130;-217;-153;107;-122;68;-224;-129;-235
-366;-135;-215;-154;106;-121;71;-227;-128;-239
-367;-139;-213;-155;105;-120;74;-230;-127;-243
-367;-144;-211;-155;103;-119;77;-233;-126;-247
-367;-148;-209;-156;102;-118;79;-235;-125;-251
-367;-153;-207;-156;101;-117;82;-238;-124;-256
-367;-157;-205;-157;99;-116;84;-241;-123;-260
-366;-161;-202;-158;98;-115;87;-243;-122;-264
-366;-166;-200;-158;96;-114;89;-246;-121;-267
-366;-170;-198;-159;95;-113;92;-248;-120;-271
-365;-174;-195;-159;93;-112;94;-251;-118;-275
-364;-178;-193;-160;91;-110;96;-253;-117;-279
-364;-182;-190;-160;89;-109;98;-256;-116;-282
-363;-186;-188;-160;88;-108;100;-258;-115;-286
-362;-190;-185;-161;86;-107;102;-260;-114;-289
-361;-194;-183;-161;84;-106;104;-262;-113;-293
-360;-198;-180;-162;82;-104;106;-264;-112;-296
-358;-202;-178;-162;80;-103;107;-266;-111;-299
-357;-206;-175;-162;78;-102;109;-268;-110;-303
-356;-210;-172;-163;76;-101;111;-270;-108;-306
-354;-214;-169;-163;74;-100;112;-272;-107;-309
-352;-217;-167;-163;71;-98;114;-274;-106;-312
-351;-221;-164;-163;69;-97;115;-276;-105;-315
-349;-225;-161;-164;67;-96;116;-277;-104;-317
-347;-228;-158;-164;65;-94;117;-279;-103;-320
-345;-232;-155;-164;62;-93;119;-281;-101;-323
-343;-235;-152;-164;60;-92;120;-282;-100;-325
-340;-238;-150;-164;57;-91;121;-283;-99;-328
-338;-242;-147;-164;55;-89;121;-285;-98;-330
-336;-245;-144;-164;52;-88;122;-286;-97;-332
-333;-248;-141;-165;50;-87;123;-287;-96;-334
-331;-251;-138;-165;47;-85;124;-288;-94;-336
-328;-254;-135;-165;44;-84;124;-289;-93;-338
-325;-257;-132;-165;42;-83;125;-290;-92;-340
-322;-260;-129;-165;39;-82;125;-291;-91;-342
-319;-263;-126;-165;36;-80;126;-292;-90;-344
-316;-265;-122;-165;34;-79;126;-293;-89;-345
-313;-268;-119;-164;31;-78;126;-294;-87;-347
-310;-271;-116;-164;28;-76;126;-294;-86;-348
-307;-273;-113;-164;25;-75;126;-295;-85;-349
-304;-276;-110;-164;22;-74;126;-295;-84;-351
-300;-278;-107;-164;19;-72;126;-296;-83;-352
-297;-280;-104;-164;16;-71;126;-296;-82;-353
-293;-283;-101;-164;13;-70;125;-296;-80;-354
-290;-285;-98;-163;10;-68;125;-297;-79;-354
-286;-287;-95;-163;7;-67;125;-297;-78;-355
-282;-289;-91;-163;4;-66;124;-297;-77;-356
-279;-291;-88;-163;1;-65;124;-297;-76;-356
-275;-292;-85;-162;-2;-63;123;-297;-75;-356
-271;-294;-82;-162;-5;-62;122;-296;-74;-357
-267;-296;-79;-162;-8;-61;121;-296;-72;-357
-263;-297;-76;-161;-11;-59;121;-296;-71;-357
-259;-299;-73;-161;-15;-58;120;-296;-70;-357
-255;-300;-70;-160;-18;-57;119;-295;-69;-357
-250;-302;-67;-160;-21;-56;118;-295;-68;-357
-246;-303;-64;-159;-24;-55;116;-294;-67;-356
-242;-304;-61;-159;-27;-53;115;-293;-66;-356
-238;-305;-58;-158;-31;-52;114;-293;-65;-355
-233;-306;-55;-158;-34;-51;112;-292;-64;-355
-229;-307;-52;-157;-37;-50;111;-291;-63;-354
-224;-308;-49;-157;-40;-49;109;-290;-62;-353
-220;-309;-46;-156;-44;-47;108;-289;-61;-352
-215;-309;-43;-156;-47;-46;106;-288;-60;-351
-211;-310;-40;-155;-50;-45;105;-287;-59;-350
-206;-310;-37;-154;-53;-44;103;-286;-58;-349
-201;-311;-34;-154;-57;-43;101;-285;-57;-347
-197;-311;-31;-153;-60;-42;99;-283;-56;-346
-192;-311;-29;-152;-63;-41;97;-282;-55;-344
-187;-311;-26;-152;-67;-40;95;-280;-54;-343
-183;-311;-23;-151;-70;-39;93;-279;-53;-341
-178;-311;-20;-150;-73;-38;91;-277;-52;-339
-173;-311;-18;-149;-76;-37;88;-276;-51;-337
-168;-311;-15;-149;-80;-36;86;-274;-50;-335
-163;-311;-12;-148;-83;-35;84;-272;-49;-333
-158;-310;-10;-147;-86;-34;81;-270;-48;-331
-154;-310;-7;-146;-89;-33;79;-268;-48;-329
-149;-310;-5;-145;-93;-32;76;-266;-47;-326
-144;-309;-2;-144;-96;-31;74;-264;-46;-324
-139;-308;0;-144;-99;-30;71;-262;-45;-321
-134;-307;3;-143;-102;-29;69;-260;-44;-318
-129;-307;5;-142;-106;-29;66;-258;-44;-316
-124;-306;7;-141;-109;-28;63;-256;-43;-313
-119;-305;10;-140;-112;-27;60;-253;-42;-310
-115;-304;12;-139;-115;-26;57;-251;-41;-307
-110;-302;14;-138;-118;-26;54;-249;-41;-304
-105;-301;16;-137;-121;-25;51;-246;-40;-301
-100;-300;18;-136;-124;-24;48;-244;-39;-297
-95;-299;20;-135;-128;-24;45;-241;-39;-294
-90;-297;22;-134;-131;-23;42;-238;-38;-290
-85;-296;24;-133;-134;-22;39;-236;-37;-287
-81;-294;26;-132;-137;-22;36;-233;-37;-283
-76;-292;28;-131;-140;-21;33;-230;-36;-280
-71;-291;30;-130;-143;-21;30;-228;-36;-276
-66;-289;31;-129;-146;-20;26;-225;-35;-272
-62;-287;33;-127;-149;-20;23;-222;-34;-268
-57;-285;35;-126;-152;-19;20;-219;-34;-264
-52;-283;36;-125;-154;-19;16;-216;-33;-260
-48;-281;38;-124;-157;-18;13;-213;-33;-256
-43;-279;39;-123;-160;-18;9;-210;-33;-252
-38;-276;41;-122;-163;-18;6;-207;-32;-248
-34;-274;42;-121;-166;-17;2;-204;-32;-244
-29;-272;43;-120;-169;-17;-1;-200;-31;-239
-25;-269;45;-118;-171;-17;-5;-197;-31;-235
-20;-267;46;-117;-174;-17;-8;-194;-31;-231
-16;-264;47;-116;-177;-16;-12;-191;-30;-226
-12;-262;48;-115;-179;-16;-16;-187;-30;-222
-7;-259;49;-114;-182;-16;-19;-184;-30;-217
-3;-256;50;-112;-184;-16;-23;-181;-29;-212
1;-254;51;-111;-187;-16;-27;-177;-29;-208
5;-251;52;-110;-190;-16;-30;-174;-29;-203
9;-248;52;-109;-192;-16;-34;-170;-29;-198
13;-245;53;-107;-194;-16;-38;-167;-29;-193
17;-242;54;-106;-197;-16;-42;-163;-28;-189
21;-239;54;-105;-199;-16;-45;-160;-28;-184
25;-236;55;-104;-202;-16;-49;-156;-28;-179
29;-233;55;-103;-204;-16;-53;-153;-28;-174
33;-230;56;-101;-206;-17;-57;-149;-28;-169
36;-226;56;-100;-208;-17;-61;-146;-28;-164
40;-223;56;-99;-210;-17;-64;-142;-28;-159
44;-220;57;-97;-213;-17;-68;-139;-28;-154
47;-217;57;-96;-215;-18;-72;-135;-28;-149
51;-213;57;-95;-217;-18;-76;-131;-28;-144
54;-210;57;-94;-219;-18;-80;-128;-28;-138
57;-207;57;-92;-221;-19;-84;-124;-28;-133
61;-203;57;-91;-223;-19;-87;-120;-28;-128
64;-200;57;-90;-225;-19;-91;-117;-28;-123
67;-196;56;-89;-226;-20;-95;-113;-28;-118
70;-193;56;-87;-228;-20;-99;-109;-28;-112
73;-189;56;-86;-230;-21;-103;-106;-28;-107
76;-185;55;-85;-232;-22;-106;-102;-29;-102
79;-182;55;-84;-233;-22;-110;-98;-29;-97
81;-178;54;-82;-235;-23;-114;-95;-29;-92
84;-174;54;-81;-237;-23;-118;-91;-29;-86
87;-171;53;-80;-238;-24;-122;-87;-30;-81
89;-167;52;-79;-240;-25;-125;-84;-30;-76
91;-163;52;-77;-241;-26;-129;-80;-30;-71
94;-160;51;-76;-243;-26;-133;-76;-31;-65
96;-156;50;-75;-244;-27;-136;-73;-31;-60
98;-152;49;-74;-245;-28;-140;-69;-31;-55
100;-148;48;-73;-247;-29;-144;-65;-32;-50
102;-145;47;-71;-248;-30;-147;-62;-32;-45
104;-141;46;-70;-249;-31;-151;-58;-32;-40
106;-137;45;-69;-250;-32;-154;-55;-33;-34
108;-133;43;-68;-251;-32;-158;-51;-33;-29
110;-130;42;-67;-252;-33;-162;-48;-34;-24
111;-126;41;-65;-253;-34;-165;-44;-34;-19
113;-122;39;-64;-254;-36;-169;-41;-35;-14
114;-118;38;-63;-255;-37;-172;-37;-35;-9
116;-114;36;-62;-256;-38;-175;-34;-36;-4
117;-111;35;-61;-257;-39;-179;-30;-37;1
118;-107;33;-60;-258;-40;-182;-27;-37;6
119;-103;31;-59;-258;-41;-186;-23;-38;11
120;-99;30;-58;-259;-42;-189;-20;-38;15
121;-96;28;-56;-260;-43;-192;-17;-39;20
122;-92;26;-55;-260;-45;-195;-13;-40;25
123;-88;24;-54;-261;-46;-198;-10;-40;30
123;-84;22;-53;-261;-47;-202;-7;-41;34
124;-81;20;-52;-262;-48;-205;-4;-42;39
124;-77;18;-51;-262;-50;-208;0;-42;43
125;-73;16;-50;-263;-51;-211;3;-43;48
125;-70;14;-49;-263;-52;-214;6;-44;52
125;-66;12;-48;-263;-54;-217;9;-45;57
126;-63;10;-47;-264;-55;-220;12;-45;61
126;-59;8;-46;-264;-57;-223;15;-46;66
126;-56;5;-45;-264;-58;-225;18;-47;70
126;-52;3;-44;-264;-60;-228;21;-48;74
125;-49;1;-43;-264;-61;-231;24;-49;78
125;-45;-2;-43;-264;-62;-234;26;-50;82
125;-42;-4;-42;-264;-64;-236;29;-50;86
124;-38;-6;-41;-264;-65;-239;32;-51;90
124;-35;-9;-40;-264;-67;-241;35;-52;94
123;-32;-11;-39;-264;-68;-244;37;-53;98
123;-28;-14;-38;-264;-70;-246;40;-54;101
122;-25;-17;-37;-263;-72;-249;42;-55;105
121;-22;-19;-37;-263;-73;-251;45;-56;109
120;-19;-22;-36;-263;-75;-254;47;-57;112
119;-16;-24;-35;-262;-76;-256;50;-58;116
118;-13;-27;-34;-262;-78;-258;52;-59;119
117;-10;-30;-34;-261;-79;-260;54;-60;122
116;-7;-33;-33;-261;-81;-262;57;-61;125
115;-4;-35;-32;-260;-83;-264;59;-62;128
113;-1;-38;-32;-260;-84;-266;61;-63;131
112;2;-41;-31;-259;-86;-268;63;-64;134
110;5;-44;-30;-259;-88;-270;65;-65;137
109;8;-47;-30;-258;-89;-272;67;-66;140
107;10;-49;-29;-257;-91;-274;69;-67;143
105;13;-52;-28;-256;-93;-275;71;-68;145
104;15;-55;-28;-256;-94;-277;73;-69;148
102;18;-58;-27;-255;-96;-279;74;-70;150
100;20;-61;-27;-254;-97;-280;76;-71;153
98;23;-64;-26;-253;-99;-282;78;-72;155
96;25;-67;-26;-252;-101;-283;79;-73;157
94;28;-70;-25;-251;-102;-285;81;-74;159
92;30;-73;-25;-250;-104;-286;82;-76;161
89;32;-76;-25;-249;-106;-287;83;-77;163
87;34;-79;-24;-248;-107;-288;85;-78;165
85;36;-82;-24;-247;-109;-290;86;-79;166
82;38;-85;-23;-246;-111;-291;87;-80;168
80;40;-88;-23;-244;-112;-292;88;-81;170
77;42;-90;-23;-243;-114;-293;89;-82;171
75;44;-93;-23;-242;-116;-294;90;-83;172
72;46;-96;-22;-241;-117;-294;91;-84;173
70;47;-99;-22;-239;-119;-295;92;-86;175
67;49;-102;-22;-238;-121;-296;93;-87;176
64;51;-105;-22;-237;-122;-297;94;-88;176
61;52;-108;-21;-235;-124;-297;94;-89;177
58;54;-111;-21;-234;-125;-298;95;-90;178
56;55;-114;-21;-232;-127;-298;96;-91;179
53;56;-117;-21;-231;-128;-299;96;-92;179
50;58;-120;-21;-229;-130;-299;96;-93;179
47;59;-123;-21;-228;-132;-299;97;-95;180
44;60;-126;-21;-226;-133;-300;97;-96;180
40;61;-128;-21;-225;-135;-300;97;-97;180
37;62;-131;-21;-223;-136;-300;97;-98;180
34;63;-134;-21;-221;-138;-300;98;-99;180
31;64;-137;-21;-220;-139;-300;98;-100;180
28;64;-140;-21;-218;-141;-300;98;-101;179
24;65;-142;-21;-216;-142;-300;97;-103;179
21;66;-145;-21;-215;-143;-300;97;-104;178
18;66;-148;-21;-213;-145;-300;97;-105;178
14;67;-151;-21;-211;-146;-299;97;-106;177
11;67;-153;-22;-209;-148;-299;96;-107;176
8;68;-156;-22;-208;-149;-299;96;-108;175
4;68;-158;-22;-206;-150;-298;95;-109;174
1;68;-161;-22;-204;-152;-298;95;-110;173
-3;68;-164;-23;-202;-153;-297;94;-111;172
-6;68;-166;-23;-200;-154;-296;93;-112;171
-10;68;-169;-23;-198;-155;-296;93;-114;169
-13;68;-171;-23;-196;-157;-295;92;-115;168
-17;68;-173;-24;-194;-158;-294;91;-116;166
-20;68;-176;-24;-192;-159;-293;90;-117;164
-24;68;-178;-25;-190;-160;-292;89;-118;162
-28;67;-181;-25;-188;-161;-292;88;-119;160
-31;67;-183;-26;-186;-162;-290;86;-120;158
-35;66;-185;-26;-184;-164;-289;85;-121;156
-39;66;-187;-26;-182;-165;-288;84;-122;154
-42;65;-189;-27;-180;-166;-287;83;-123;152
-46;65;-192;-28;-178;-167;-286;81;-124;149
-50;64;-194;-28;-176;-168;-285;80;-125;147
-53;63;-196;-29;-174;-169;-283;78;-126;144
-57;62;-198;-29;-172;-170;-282;76;-127;141
-61;61;-200;-30;-170;-171;-280;75;-128;138
-64;60;-202;-30;-167;-171;-279;73;-129;136
-68;59;-203;-31;-165;-172;-277;71;-130;132
-72;58;-205;-32;-163;-173;-276;69;-131;129
-75;56;-207;-33;-161;-174;-274;67;-132;126
-79;55;-209;-33;-159;-175;-272;65;-133;123
-83;54;-211;-34;-156;-175;-271;63;-134;119
-86;52;-212;-35;-154;-176;-269;61;-135;116
-90;51;-214;-36;-152;-177;-267;59;-135;112
-94;49;-215;-36;-150;-178;-265;57;-136;109
-97;48;-217;-37;-148;-178;-263;55;-137;105
-101;46;-218;-38;-145;-179;-261;52;-138;101
-105;44;-220;-39;-143;-179;-259;50;-139;97
-108;42;-221;-40;-141;-180;-257;47;-140;93
-112;40;-223;-41;-139;-180;-255;45;-141;89
-115;38;-224;-42;-136;-181;-253;42;-142;85
-119;36;-225;-43;-134;-181;-251;40;-142;81
-123;34;-226;-44;-132;-182;-248;37;-143;76
-126;32;-227;-44;-130;-182;-246;34;-144;72
-130;30;-229;-45;-127;-183;-244;31;-145;67
-133;28;-230;-47;-125;-183;-241;29;-146;63
-137;25;-231;-48;-123;-183;-239;26;-146;58
-140;23;-232;-49;-120;-183;-236;23;-147;53
-144;20;-232;-50;-118;-184;-234;20;-148;48
-147;18;-233;-51;-116;-184;-231;17;-149;43
-151;15;-234;-52;-113;-184;-229;14;-149;38
-154;13;-235;-53;-111;-184;-226;10;-150;33
-158;10;-236;-54;-109;-184;-223;7;-151;28
-161;7;-236;-55;-106;-185;-221;4;-151;23
-164;4;-237;-56;-104;-185;-218;1;-152;18
-168;2;-237;-58;-102;-185;-215;-3;-153;12
-171;-1;-238;-59;-99;-185;-212;-6;-153;7
-175;-4;-238;-60;-97;-185;-209;-9;-154;1
-178;-7;-239;-61;-95;-185;-206;-13;-155;-4
-181;-10;-239;-63;-92;-185;-204;-16;-155;-10
-184;-13;-240;-64;-90;-184;-201;-20;-156;-16
-188;-16;-240;-65;-88;-184;-198;-24;-157;-21
-191;-20;-240;-66;-85;-184;-195;-27;-157;-27
-194;-23;-240;-68;-83;-184;-191;-31;-158;-33
-197;-26;-240;-69;-81;-184;-188;-35;-158;-39
-201;-30;-241;-70;-78;-183;-185;-38;-159;-45
-204;-33;-241;-72;-76;-183;-182;-42;-160;-51
-207;-36;-241;-73;-74;-183;-179;-46;-160;-57
-210;-40;-241;-74;-71;-183;-176;-50;-161;-64
-213;-43;-240;-76;-69;-182;-172;-54;-161;-70
-216;-47;-240;-77;-67;-182;-169;-58;-162;-76
-219;-50;-240;-79;-64;-181;-166;-62;-162;-83
-222;-54;-240;-80;-62;-181;-163;-66;-163;-89
-225;-58;-240;-82;-60;-181;-159;-70;-163;-95
-228;-62;-239;-83;-57;-180;-156;-74;-164;-102
-231;-65;-239;-84;-55;-180;-152;-78;-164;-109
-234;-69;-239;-86;-53;-179;-149;-82;-165;-115
-237;-73;-238;-87;-50;-179;-145;-87;-165;-122
-240;-77;-238;-89;-48;-178;-142;-91;-166;-129
-243;-81;-237;-90;-46;-177;-138;-95;-166;-135
-246;-85;-237;-92;-43;-177;-135;-99;-166;-142
-249;-89;-236;-93;-41;-176;-131;-104;-167;-149
-252;-92;-236;-95;-39;-176;-128;-108;-167;-156
-254;-97;-235;-97;-36;-175;-124;-112;-168;-163
-257;-101;-235;-98;-34;-174;-121;-117;-168;-170
-260;-105;-234;-100;-32;-174;-117;-121;-168;-177
-263;-109;-233;-101;-29;-173;-113;-126;-169;-184
-266;-113;-232;-103;-27;-172;-110;-130;-169;-191
-268;-117;-232;-104;-25;-171;-106;-134;-170;-198
-271;-121;-231;-106;-22;-171;-102;-139;-170;-205
-274;-125;-230;-108;-20;-170;-99;-143;-170;-212
-276;-130;-229;-109;-18;-169;-95;-148;-171;-220
-279;-134;-228;-111;-15;-168;-91;-153;-171;-227
-282;-138;-228;-113;-13;-167;-87;-157;-171;-234
-284;-142;-227;-114;-11;-166;-84;-162;-172;-241
-287;-147;-226;-116;-9;-166;-80;-166;-172;-249
-290;-151;-225;-117;-6;-165;-76;-171;-172;-256
-292;-155;-224;-119;-4;-164;-72;-176;-173;-263
-295;-160;-223;-121;-2;-163;-68;-180;-173;-271
-298;-164;-222;-122;1;-162;-65;-185;-173;-278
-300;-169;-221;-124;3;-161;-61;-190;-174;-285
-303;-173;-220;-126;5;-160;-57;-194;-174;-293
-305;-177;-219;-127;8;-159;-53;-199;-174;-300
-308;-182;-217;-129;10;-158;-49;-204;-175;-308
-310;-186;-216;-131;12;-157;-45;-208;-175;-315
-313;-191;-215;-132;15;-156;-42;-213;-175;-323
-316;-195;-214;-134;17;-155;-38;-218;-175;-330
-318;-200;-213;-136;19;-154;-34;-223;-176;-338
-321;-204;-212;-137;21;-154;-30;-227;-176;-345
-323;-209;-211;-139;24;-153;-26;-232;-176;-353
-326;-213;-210;-141;26;-152;-22;-237;-177;-360
-328;-218;-209;-143;28;-151;-18;-242;-177;-368
-331;-222;-207;-144;31;-150;-14;-246;-177;-375
-333;-227;-206;-146;33;-149;-10;-251;-177;-383
-336;-231;-205;-148;35;-148;-7;-256;-178;-391
